,-100,-99,-98,-97,-96,-95,-94,-93,-92,-91,-90,-89,-88,-87,-86,-85,-84,-83,-82,-81,-80,-79,-78,-77,-76,-75,-74,-73,-72,-71,-70,-69,-68,-67,-66,-65,-64,-63,-62,-61,-60,-59,-58,-57,-56,-55,-54,-53,-52,-51,-50,-49,-48,-47,-46,-45,-44,-43,-42,-41,-40,-39,-38,-37,-36,-35,-34,-33,-32,-31,-30,-29,-28,-27,-26,-25,-24,-23,-22,-21,-20,-19,-18,-17,-16,-15,-14,-13,-12,-11,-10,-9,-8,-7,-6,-5,-4,-3,-2,-1,0,1,2,3,4,5,6,7,8,9,10,11,12,13,14,15,16,17,18,19,20,21,22,23,24,25,26,27,28,29,30,31,32,33,34,35,36,37,38,39,40,41,42,43,44,45,46,47,48,49,50,51,52,53,54,55,56,57,58,59,60,61,62,63,64,65,66,67,68,69,70,71,72,73,74,75,76,77,78,79,80,81,82,83,84,85,86,87,88,89,90,91,92,93,94,95,96,97,98,99,100
-100,8.00003e+08,7.92043e+08,7.84163e+08,7.76363e+08,7.68643e+08,7.61003e+08,7.53443e+08,7.45963e+08,7.38563e+08,7.31242e+08,7.24002e+08,7.16842e+08,7.09762e+08,7.02762e+08,6.95842e+08,6.89002e+08,6.82242e+08,6.75562e+08,6.68962e+08,6.62442e+08,6.56002e+08,6.49642e+08,6.43362e+08,6.37162e+08,6.31042e+08,6.25002e+08,6.19042e+08,6.13162e+08,6.07362e+08,6.01642e+08,5.96002e+08,5.90442e+08,5.84962e+08,5.79562e+08,5.74242e+08,5.69002e+08,5.63842e+08,5.58762e+08,5.53762e+08,5.48842e+08,5.44002e+08,5.39242e+08,5.34562e+08,5.29962e+08,5.25442e+08,5.21002e+08,5.16642e+08,5.12362e+08,5.08162e+08,5.04042e+08,5.00002e+08,4.96042e+08,4.92162e+08,4.88362e+08,4.84642e+08,4.81002e+08,4.77442e+08,4.73962e+08,4.70562e+08,4.67242e+08,4.64002e+08,4.60842e+08,4.57762e+08,4.54762e+08,4.51842e+08,4.49002e+08,4.46242e+08,4.43562e+08,4.40962e+08,4.38442e+08,4.36001e+08,4.33641e+08,4.31361e+08,4.29161e+08,4.27041e+08,4.25001e+08,4.23041e+08,4.21161e+08,4.19361e+08,4.17641e+08,4.16001e+08,4.14441e+08,4.12961e+08,4.11561e+08,4.10241e+08,4.09001e+08,4.07841e+08,4.06761e+08,4.05761e+08,4.04841e+08,4.04001e+08,4.03241e+08,4.02561e+08,4.01961e+08,4.01441e+08,4.01001e+08,4.00641e+08,4.00361e+08,4.00161e+08,4.00041e+08,4.00001e+08,4.00041e+08,4.00161e+08,4.00361e+08,4.00641e+08,4.01001e+08,4.01441e+08,4.01961e+08,4.02561e+08,4.03241e+08,4.04001e+08,4.04841e+08,4.05761e+08,4.06761e+08,4.07841e+08,4.09001e+08,4.10241e+08,4.11561e+08,4.12961e+08,4.14441e+08,4.16001e+08,4.17641e+08,4.19361e+08,4.21161e+08,4.23041e+08,4.25001e+08,4.27041e+08,4.29161e+08,4.31361e+08,4.33641e+08,4.36001e+08,4.38441e+08,4.40962e+08,4.43562e+08,4.46242e+08,4.49002e+08,4.51842e+08,4.54762e+08,4.57762e+08,4.60842e+08,4.64002e+08,4.67242e+08,4.70562e+08,4.73962e+08,4.77442e+08,4.81002e+08,4.84642e+08,4.88362e+08,4.92162e+08,4.96042e+08,5.00002e+08,5.04042e+08,5.08162e+08,5.12362e+08,5.16642e+08,5.21002e+08,5.25442e+08,5.29962e+08,5.34562e+08,5.39242e+08,5.44002e+08,5.48842e+08,5.53762e+08,5.58762e+08,5.63842e+08,5.69002e+08,5.74242e+08,5.79562e+08,5.84962e+08,5.90442e+08,5.96002e+08,6.01642e+08,6.07362e+08,6.13162e+08,6.19042e+08,6.25002e+08,6.31042e+08,6.37162e+08,6.43362e+08,6.49642e+08,6.56002e+08,6.62442e+08,6.68962e+08,6.75562e+08,6.82242e+08,6.89002e+08,6.95842e+08,7.02762e+08,7.09762e+08,7.16842e+08,7.24002e+08,7.31242e+08,7.38562e+08,7.45962e+08,7.53442e+08,7.61002e+08,7.68643e+08,7.76363e+08,7.84163e+08,7.92043e+08,8.00003e+08,
-99,7.92043e+08,7.84083e+08,7.76203e+08,7.68403e+08,7.60683e+08,7.53043e+08,7.45483e+08,7.38003e+08,7.30602e+08,7.23282e+08,7.16042e+08,7.08882e+08,7.01802e+08,6.94802e+08,6.87882e+08,6.81042e+08,6.74282e+08,6.67602e+08,6.61002e+08,6.54482e+08,6.48042e+08,6.41682e+08,6.35402e+08,6.29202e+08,6.23082e+08,6.17042e+08,6.11082e+08,6.05202e+08,5.99402e+08,5.93682e+08,5.88042e+08,5.82482e+08,5.77002e+08,5.71602e+08,5.66282e+08,5.61042e+08,5.55882e+08,5.50802e+08,5.45802e+08,5.40882e+08,5.36042e+08,5.31282e+08,5.26602e+08,5.22002e+08,5.17482e+08,5.13042e+08,5.08682e+08,5.04402e+08,5.00202e+08,4.96082e+08,4.92042e+08,4.88082e+08,4.84202e+08,4.80402e+08,4.76682e+08,4.73042e+08,4.69482e+08,4.66002e+08,4.62602e+08,4.59282e+08,4.56042e+08,4.52882e+08,4.49802e+08,4.46802e+08,4.43882e+08,4.41042e+08,4.38282e+08,4.35602e+08,4.33002e+08,4.30481e+08,4.28041e+08,4.25681e+08,4.23401e+08,4.21201e+08,4.19081e+08,4.17041e+08,4.15081e+08,4.13201e+08,4.11401e+08,4.09681e+08,4.08041e+08,4.06481e+08,4.05001e+08,4.03601e+08,4.02281e+08,4.01041e+08,3.99881e+08,3.98801e+08,3.97801e+08,3.96881e+08,3.96041e+08,3.95281e+08,3.94601e+08,3.94001e+08,3.93481e+08,3.93041e+08,3.92681e+08,3.92401e+08,3.92201e+08,3.92081e+08,3.92041e+08,3.92081e+08,3.92201e+08,3.92401e+08,3.92681e+08,3.93041e+08,3.93481e+08,3.94001e+08,3.94601e+08,3.95281e+08,3.96041e+08,3.96881e+08,3.97801e+08,3.98801e+08,3.99881e+08,4.01041e+08,4.02281e+08,4.03601e+08,4.05001e+08,4.06481e+08,4.08041e+08,4.09681e+08,4.11401e+08,4.13201e+08,4.15081e+08,4.17041e+08,4.19081e+08,4.21201e+08,4.23401e+08,4.25681e+08,4.28041e+08,4.30481e+08,4.33001e+08,4.35601e+08,4.38281e+08,4.41041e+08,4.43882e+08,4.46802e+08,4.49802e+08,4.52882e+08,4.56042e+08,4.59282e+08,4.62602e+08,4.66002e+08,4.69482e+08,4.73042e+08,4.76682e+08,4.80402e+08,4.84202e+08,4.88082e+08,4.92042e+08,4.96082e+08,5.00202e+08,5.04402e+08,5.08682e+08,5.13042e+08,5.17482e+08,5.22002e+08,5.26602e+08,5.31282e+08,5.36042e+08,5.40882e+08,5.45802e+08,5.50802e+08,5.55882e+08,5.61042e+08,5.66282e+08,5.71602e+08,5.77002e+08,5.82482e+08,5.88042e+08,5.93682e+08,5.99402e+08,6.05202e+08,6.11082e+08,6.17042e+08,6.23082e+08,6.29202e+08,6.35402e+08,6.41682e+08,6.48042e+08,6.54482e+08,6.61002e+08,6.67602e+08,6.74282e+08,6.81042e+08,6.87882e+08,6.94802e+08,7.01802e+08,7.08882e+08,7.16042e+08,7.23282e+08,7.30602e+08,7.38002e+08,7.45482e+08,7.53042e+08,7.60683e+08,7.68403e+08,7.76203e+08,7.84083e+08,7.92043e+08,
-98,7.84163e+08,7.76203e+08,7.68323e+08,7.60523e+08,7.52803e+08,7.45163e+08,7.37603e+08,7.30123e+08,7.22722e+08,7.15402e+08,7.08162e+08,7.01002e+08,6.93922e+08,6.86922e+08,6.80002e+08,6.73162e+08,6.66402e+08,6.59722e+08,6.53122e+08,6.46602e+08,6.40162e+08,6.33802e+08,6.27522e+08,6.21322e+08,6.15202e+08,6.09162e+08,6.03202e+08,5.97322e+08,5.91522e+08,5.85802e+08,5.80162e+08,5.74602e+08,5.69122e+08,5.63722e+08,5.58402e+08,5.53162e+08,5.48002e+08,5.42922e+08,5.37922e+08,5.33002e+08,5.28162e+08,5.23402e+08,5.18722e+08,5.14122e+08,5.09602e+08,5.05162e+08,5.00802e+08,4.96522e+08,4.92322e+08,4.88202e+08,4.84162e+08,4.80202e+08,4.76322e+08,4.72522e+08,4.68802e+08,4.65162e+08,4.61602e+08,4.58122e+08,4.54722e+08,4.51402e+08,4.48162e+08,4.45002e+08,4.41922e+08,4.38922e+08,4.36002e+08,4.33162e+08,4.30401e+08,4.27722e+08,4.25121e+08,4.22601e+08,4.20161e+08,4.17801e+08,4.15521e+08,4.13321e+08,4.11201e+08,4.09161e+08,4.07201e+08,4.05321e+08,4.03521e+08,4.01801e+08,4.00161e+08,3.98601e+08,3.97121e+08,3.95721e+08,3.94401e+08,3.93161e+08,3.92001e+08,3.90921e+08,3.89921e+08,3.89001e+08,3.88161e+08,3.87401e+08,3.86721e+08,3.86121e+08,3.85601e+08,3.85161e+08,3.84801e+08,3.84521e+08,3.84321e+08,3.84201e+08,3.84161e+08,3.84201e+08,3.84321e+08,3.84521e+08,3.84801e+08,3.85161e+08,3.85601e+08,3.86121e+08,3.86721e+08,3.87401e+08,3.88161e+08,3.89001e+08,3.89921e+08,3.90921e+08,3.92001e+08,3.93161e+08,3.94401e+08,3.95721e+08,3.97121e+08,3.98601e+08,4.00161e+08,4.01801e+08,4.03521e+08,4.05321e+08,4.07201e+08,4.09161e+08,4.11201e+08,4.13321e+08,4.15521e+08,4.17801e+08,4.20161e+08,4.22601e+08,4.25121e+08,4.27721e+08,4.30401e+08,4.33161e+08,4.36001e+08,4.38922e+08,4.41922e+08,4.45002e+08,4.48162e+08,4.51402e+08,4.54722e+08,4.58122e+08,4.61602e+08,4.65162e+08,4.68802e+08,4.72522e+08,4.76322e+08,4.80202e+08,4.84162e+08,4.88202e+08,4.92322e+08,4.96522e+08,5.00802e+08,5.05162e+08,5.09602e+08,5.14122e+08,5.18722e+08,5.23402e+08,5.28162e+08,5.33002e+08,5.37922e+08,5.42922e+08,5.48002e+08,5.53162e+08,5.58402e+08,5.63722e+08,5.69122e+08,5.74602e+08,5.80162e+08,5.85802e+08,5.91522e+08,5.97322e+08,6.03202e+08,6.09162e+08,6.15202e+08,6.21322e+08,6.27522e+08,6.33802e+08,6.40162e+08,6.46602e+08,6.53122e+08,6.59722e+08,6.66402e+08,6.73162e+08,6.80002e+08,6.86922e+08,6.93922e+08,7.01002e+08,7.08162e+08,7.15402e+08,7.22722e+08,7.30122e+08,7.37602e+08,7.45162e+08,7.52802e+08,7.60523e+08,7.68323e+08,7.76203e+08,7.84163e+08,
-97,7.76363e+08,7.68403e+08,7.60523e+08,7.52723e+08,7.45003e+08,7.37363e+08,7.29802e+08,7.22322e+08,7.14922e+08,7.07602e+08,7.00362e+08,6.93202e+08,6.86122e+08,6.79122e+08,6.72202e+08,6.65362e+08,6.58602e+08,6.51922e+08,6.45322e+08,6.38802e+08,6.32362e+08,6.26002e+08,6.19722e+08,6.13522e+08,6.07402e+08,6.01362e+08,5.95402e+08,5.89522e+08,5.83722e+08,5.78002e+08,5.72362e+08,5.66802e+08,5.61322e+08,5.55922e+08,5.50602e+08,5.45362e+08,5.40202e+08,5.35122e+08,5.30122e+08,5.25202e+08,5.20362e+08,5.15602e+08,5.10922e+08,5.06322e+08,5.01802e+08,4.97362e+08,4.93002e+08,4.88722e+08,4.84522e+08,4.80402e+08,4.76362e+08,4.72402e+08,4.68522e+08,4.64722e+08,4.61002e+08,4.57362e+08,4.53802e+08,4.50322e+08,4.46922e+08,4.43602e+08,4.40362e+08,4.37202e+08,4.34122e+08,4.31122e+08,4.28201e+08,4.25361e+08,4.22601e+08,4.19921e+08,4.17321e+08,4.14801e+08,4.12361e+08,4.10001e+08,4.07721e+08,4.05521e+08,4.03401e+08,4.01361e+08,3.99401e+08,3.97521e+08,3.95721e+08,3.94001e+08,3.92361e+08,3.90801e+08,3.89321e+08,3.87921e+08,3.86601e+08,3.85361e+08,3.84201e+08,3.83121e+08,3.82121e+08,3.81201e+08,3.80361e+08,3.79601e+08,3.78921e+08,3.78321e+08,3.77801e+08,3.77361e+08,3.77001e+08,3.76721e+08,3.76521e+08,3.76401e+08,3.76361e+08,3.76401e+08,3.76521e+08,3.76721e+08,3.77001e+08,3.77361e+08,3.77801e+08,3.78321e+08,3.78921e+08,3.79601e+08,3.80361e+08,3.81201e+08,3.82121e+08,3.83121e+08,3.84201e+08,3.85361e+08,3.86601e+08,3.87921e+08,3.89321e+08,3.90801e+08,3.92361e+08,3.94001e+08,3.95721e+08,3.97521e+08,3.99401e+08,4.01361e+08,4.03401e+08,4.05521e+08,4.07721e+08,4.10001e+08,4.12361e+08,4.14801e+08,4.17321e+08,4.19921e+08,4.22601e+08,4.25361e+08,4.28201e+08,4.31121e+08,4.34121e+08,4.37201e+08,4.40361e+08,4.43602e+08,4.46922e+08,4.50322e+08,4.53802e+08,4.57362e+08,4.61002e+08,4.64722e+08,4.68522e+08,4.72402e+08,4.76362e+08,4.80402e+08,4.84522e+08,4.88722e+08,4.93002e+08,4.97362e+08,5.01802e+08,5.06322e+08,5.10922e+08,5.15602e+08,5.20362e+08,5.25202e+08,5.30122e+08,5.35122e+08,5.40202e+08,5.45362e+08,5.50602e+08,5.55922e+08,5.61322e+08,5.66802e+08,5.72362e+08,5.78002e+08,5.83722e+08,5.89522e+08,5.95402e+08,6.01362e+08,6.07402e+08,6.13522e+08,6.19722e+08,6.26002e+08,6.32362e+08,6.38802e+08,6.45322e+08,6.51922e+08,6.58602e+08,6.65362e+08,6.72202e+08,6.79122e+08,6.86122e+08,6.93202e+08,7.00362e+08,7.07602e+08,7.14922e+08,7.22322e+08,7.29802e+08,7.37362e+08,7.45002e+08,7.52723e+08,7.60523e+08,7.68403e+08,7.76363e+08,
-96,7.68643e+08,7.60683e+08,7.52803e+08,7.45003e+08,7.37283e+08,7.29642e+08,7.22082e+08,7.14602e+08,7.07202e+08,6.99882e+08,6.92642e+08,6.85482e+08,6.78402e+08,6.71402e+08,6.64482e+08,6.57642e+08,6.50882e+08,6.44202e+08,6.37602e+08,6.31082e+08,6.24642e+08,6.18282e+08,6.12002e+08,6.05802e+08,5.99682e+08,5.93642e+08,5.87682e+08,5.81802e+08,5.76002e+08,5.70282e+08,5.64642e+08,5.59082e+08,5.53602e+08,5.48202e+08,5.42882e+08,5.37642e+08,5.32482e+08,5.27402e+08,5.22402e+08,5.17482e+08,5.12642e+08,5.07882e+08,5.03202e+08,4.98602e+08,4.94082e+08,4.89642e+08,4.85282e+08,4.81002e+08,4.76802e+08,4.72682e+08,4.68642e+08,4.64682e+08,4.60802e+08,4.57002e+08,4.53282e+08,4.49642e+08,4.46082e+08,4.42602e+08,4.39202e+08,4.35882e+08,4.32641e+08,4.29481e+08,4.26401e+08,4.23401e+08,4.20481e+08,4.17641e+08,4.14881e+08,4.12201e+08,4.09601e+08,4.07081e+08,4.04641e+08,4.02281e+08,4.00001e+08,3.97801e+08,3.95681e+08,3.93641e+08,3.91681e+08,3.89801e+08,3.88001e+08,3.86281e+08,3.84641e+08,3.83081e+08,3.81601e+08,3.80201e+08,3.78881e+08,3.77641e+08,3.76481e+08,3.75401e+08,3.74401e+08,3.73481e+08,3.72641e+08,3.71881e+08,3.71201e+08,3.70601e+08,3.70081e+08,3.69641e+08,3.69281e+08,3.69001e+08,3.68801e+08,3.68681e+08,3.68641e+08,3.68681e+08,3.68801e+08,3.69001e+08,3.69281e+08,3.69641e+08,3.70081e+08,3.70601e+08,3.71201e+08,3.71881e+08,3.72641e+08,3.73481e+08,3.74401e+08,3.75401e+08,3.76481e+08,3.77641e+08,3.78881e+08,3.80201e+08,3.81601e+08,3.83081e+08,3.84641e+08,3.86281e+08,3.88001e+08,3.89801e+08,3.91681e+08,3.93641e+08,3.95681e+08,3.97801e+08,4.00001e+08,4.02281e+08,4.04641e+08,4.07081e+08,4.09601e+08,4.12201e+08,4.14881e+08,4.17641e+08,4.20481e+08,4.23401e+08,4.26401e+08,4.29481e+08,4.32641e+08,4.35881e+08,4.39201e+08,4.42602e+08,4.46082e+08,4.49642e+08,4.53282e+08,4.57002e+08,4.60802e+08,4.64682e+08,4.68642e+08,4.72682e+08,4.76802e+08,4.81002e+08,4.85282e+08,4.89642e+08,4.94082e+08,4.98602e+08,5.03202e+08,5.07882e+08,5.12642e+08,5.17482e+08,5.22402e+08,5.27402e+08,5.32482e+08,5.37642e+08,5.42882e+08,5.48202e+08,5.53602e+08,5.59082e+08,5.64642e+08,5.70282e+08,5.76002e+08,5.81802e+08,5.87682e+08,5.93642e+08,5.99682e+08,6.05802e+08,6.12002e+08,6.18282e+08,6.24642e+08,6.31082e+08,6.37602e+08,6.44202e+08,6.50882e+08,6.57642e+08,6.64482e+08,6.71402e+08,6.78402e+08,6.85482e+08,6.92642e+08,6.99882e+08,7.07202e+08,7.14602e+08,7.22082e+08,7.29642e+08,7.37282e+08,7.45002e+08,7.52802e+08,7.60683e+08,7.68643e+08,
-95,7.61003e+08,7.53043e+08,7.45163e+08,7.37363e+08,7.29642e+08,7.22002e+08,7.14442e+08,7.06962e+08,6.99562e+08,6.92242e+08,6.85002e+08,6.77842e+08,6.70762e+08,6.63762e+08,6.56842e+08,6.50002e+08,6.43242e+08,6.36562e+08,6.29962e+08,6.23442e+08,6.17002e+08,6.10642e+08,6.04362e+08,5.98162e+08,5.92042e+08,5.86002e+08,5.80042e+08,5.74162e+08,5.68362e+08,5.62642e+08,5.57002e+08,5.51442e+08,5.45962e+08,5.40562e+08,5.35242e+08,5.30002e+08,5.24842e+08,5.19762e+08,5.14762e+08,5.09842e+08,5.05002e+08,5.00242e+08,4.95562e+08,4.90962e+08,4.86442e+08,4.82002e+08,4.77642e+08,4.73362e+08,4.69162e+08,4.65042e+08,4.61002e+08,4.57042e+08,4.53162e+08,4.49362e+08,4.45642e+08,4.42002e+08,4.38442e+08,4.34962e+08,4.31561e+08,4.28241e+08,4.25001e+08,4.21841e+08,4.18761e+08,4.15761e+08,4.12841e+08,4.10001e+08,4.07241e+08,4.04561e+08,4.01961e+08,3.99441e+08,3.97001e+08,3.94641e+08,3.92361e+08,3.90161e+08,3.88041e+08,3.86001e+08,3.84041e+08,3.82161e+08,3.80361e+08,3.78641e+08,3.77001e+08,3.75441e+08,3.73961e+08,3.72561e+08,3.71241e+08,3.70001e+08,3.68841e+08,3.67761e+08,3.66761e+08,3.65841e+08,3.65001e+08,3.64241e+08,3.63561e+08,3.62961e+08,3.62441e+08,3.62001e+08,3.61641e+08,3.61361e+08,3.61161e+08,3.61041e+08,3.61001e+08,3.61041e+08,3.61161e+08,3.61361e+08,3.61641e+08,3.62001e+08,3.62441e+08,3.62961e+08,3.63561e+08,3.64241e+08,3.65001e+08,3.65841e+08,3.66761e+08,3.67761e+08,3.68841e+08,3.70001e+08,3.71241e+08,3.72561e+08,3.73961e+08,3.75441e+08,3.77001e+08,3.78641e+08,3.80361e+08,3.82161e+08,3.84041e+08,3.86001e+08,3.88041e+08,3.90161e+08,3.92361e+08,3.94641e+08,3.97001e+08,3.99441e+08,4.01961e+08,4.04561e+08,4.07241e+08,4.10001e+08,4.12841e+08,4.15761e+08,4.18761e+08,4.21841e+08,4.25001e+08,4.28241e+08,4.31561e+08,4.34961e+08,4.38441e+08,4.42001e+08,4.45641e+08,4.49362e+08,4.53162e+08,4.57042e+08,4.61002e+08,4.65042e+08,4.69162e+08,4.73362e+08,4.77642e+08,4.82002e+08,4.86442e+08,4.90962e+08,4.95562e+08,5.00242e+08,5.05002e+08,5.09842e+08,5.14762e+08,5.19762e+08,5.24842e+08,5.30002e+08,5.35242e+08,5.40562e+08,5.45962e+08,5.51442e+08,5.57002e+08,5.62642e+08,5.68362e+08,5.74162e+08,5.80042e+08,5.86002e+08,5.92042e+08,5.98162e+08,6.04362e+08,6.10642e+08,6.17002e+08,6.23442e+08,6.29962e+08,6.36562e+08,6.43242e+08,6.50002e+08,6.56842e+08,6.63762e+08,6.70762e+08,6.77842e+08,6.85002e+08,6.92242e+08,6.99562e+08,7.06962e+08,7.14442e+08,7.22002e+08,7.29642e+08,7.37362e+08,7.45162e+08,7.53042e+08,7.61002e+08,
-94,7.53443e+08,7.45483e+08,7.37603e+08,7.29802e+08,7.22082e+08,7.14442e+08,7.06882e+08,6.99402e+08,6.92002e+08,6.84682e+08,6.77442e+08,6.70282e+08,6.63202e+08,6.56202e+08,6.49282e+08,6.42442e+08,6.35682e+08,6.29002e+08,6.22402e+08,6.15882e+08,6.09442e+08,6.03082e+08,5.96802e+08,5.90602e+08,5.84482e+08,5.78442e+08,5.72482e+08,5.66602e+08,5.60802e+08,5.55082e+08,5.49442e+08,5.43882e+08,5.38402e+08,5.33002e+08,5.27682e+08,5.22442e+08,5.17282e+08,5.12202e+08,5.07202e+08,5.02282e+08,4.97442e+08,4.92682e+08,4.88002e+08,4.83402e+08,4.78882e+08,4.74442e+08,4.70082e+08,4.65802e+08,4.61602e+08,4.57482e+08,4.53442e+08,4.49482e+08,4.45602e+08,4.41802e+08,4.38082e+08,4.34441e+08,4.30881e+08,4.27401e+08,4.24001e+08,4.20681e+08,4.17441e+08,4.14281e+08,4.11201e+08,4.08201e+08,4.05281e+08,4.02441e+08,3.99681e+08,3.97001e+08,3.94401e+08,3.91881e+08,3.89441e+08,3.87081e+08,3.84801e+08,3.82601e+08,3.80481e+08,3.78441e+08,3.76481e+08,3.74601e+08,3.72801e+08,3.71081e+08,3.69441e+08,3.67881e+08,3.66401e+08,3.65001e+08,3.63681e+08,3.62441e+08,3.61281e+08,3.60201e+08,3.59201e+08,3.58281e+08,3.57441e+08,3.56681e+08,3.56001e+08,3.55401e+08,3.54881e+08,3.54441e+08,3.54081e+08,3.53801e+08,3.53601e+08,3.53481e+08,3.53441e+08,3.53481e+08,3.53601e+08,3.53801e+08,3.54081e+08,3.54441e+08,3.54881e+08,3.55401e+08,3.56001e+08,3.56681e+08,3.57441e+08,3.58281e+08,3.59201e+08,3.60201e+08,3.61281e+08,3.62441e+08,3.63681e+08,3.65001e+08,3.66401e+08,3.67881e+08,3.69441e+08,3.71081e+08,3.72801e+08,3.74601e+08,3.76481e+08,3.78441e+08,3.80481e+08,3.82601e+08,3.84801e+08,3.87081e+08,3.89441e+08,3.91881e+08,3.94401e+08,3.97001e+08,3.99681e+08,4.02441e+08,4.05281e+08,4.08201e+08,4.11201e+08,4.14281e+08,4.17441e+08,4.20681e+08,4.24001e+08,4.27401e+08,4.30881e+08,4.34441e+08,4.38081e+08,4.41802e+08,4.45602e+08,4.49482e+08,4.53442e+08,4.57482e+08,4.61602e+08,4.65802e+08,4.70082e+08,4.74442e+08,4.78882e+08,4.83402e+08,4.88002e+08,4.92682e+08,4.97442e+08,5.02282e+08,5.07202e+08,5.12202e+08,5.17282e+08,5.22442e+08,5.27682e+08,5.33002e+08,5.38402e+08,5.43882e+08,5.49442e+08,5.55082e+08,5.60802e+08,5.66602e+08,5.72482e+08,5.78442e+08,5.84482e+08,5.90602e+08,5.96802e+08,6.03082e+08,6.09442e+08,6.15882e+08,6.22402e+08,6.29002e+08,6.35682e+08,6.42442e+08,6.49282e+08,6.56202e+08,6.63202e+08,6.70282e+08,6.77442e+08,6.84682e+08,6.92002e+08,6.99402e+08,7.06882e+08,7.14442e+08,7.22082e+08,7.29802e+08,7.37602e+08,7.45482e+08,7.53442e+08,
-93,7.45963e+08,7.38003e+08,7.30123e+08,7.22322e+08,7.14602e+08,7.06962e+08,6.99402e+08,6.91922e+08,6.84522e+08,6.77202e+08,6.69962e+08,6.62802e+08,6.55722e+08,6.48722e+08,6.41802e+08,6.34962e+08,6.28202e+08,6.21522e+08,6.14922e+08,6.08402e+08,6.01962e+08,5.95602e+08,5.89322e+08,5.83122e+08,5.77002e+08,5.70962e+08,5.65002e+08,5.59122e+08,5.53322e+08,5.47602e+08,5.41962e+08,5.36402e+08,5.30922e+08,5.25522e+08,5.20202e+08,5.14962e+08,5.09802e+08,5.04722e+08,4.99722e+08,4.94802e+08,4.89962e+08,4.85202e+08,4.80522e+08,4.75922e+08,4.71402e+08,4.66962e+08,4.62602e+08,4.58322e+08,4.54122e+08,4.50002e+08,4.45962e+08,4.42002e+08,4.38122e+08,4.34322e+08,4.30602e+08,4.26961e+08,4.23401e+08,4.19921e+08,4.16521e+08,4.13201e+08,4.09961e+08,4.06801e+08,4.03721e+08,4.00721e+08,3.97801e+08,3.94961e+08,3.92201e+08,3.89521e+08,3.86921e+08,3.84401e+08,3.81961e+08,3.79601e+08,3.77321e+08,3.75121e+08,3.73001e+08,3.70961e+08,3.69001e+08,3.67121e+08,3.65321e+08,3.63601e+08,3.61961e+08,3.60401e+08,3.58921e+08,3.57521e+08,3.56201e+08,3.54961e+08,3.53801e+08,3.52721e+08,3.51721e+08,3.50801e+08,3.49961e+08,3.49201e+08,3.48521e+08,3.47921e+08,3.47401e+08,3.46961e+08,3.46601e+08,3.46321e+08,3.46121e+08,3.46001e+08,3.45961e+08,3.46001e+08,3.46121e+08,3.46321e+08,3.46601e+08,3.46961e+08,3.47401e+08,3.47921e+08,3.48521e+08,3.49201e+08,3.49961e+08,3.50801e+08,3.51721e+08,3.52721e+08,3.53801e+08,3.54961e+08,3.56201e+08,3.57521e+08,3.58921e+08,3.60401e+08,3.61961e+08,3.63601e+08,3.65321e+08,3.67121e+08,3.69001e+08,3.70961e+08,3.73001e+08,3.75121e+08,3.77321e+08,3.79601e+08,3.81961e+08,3.84401e+08,3.86921e+08,3.89521e+08,3.92201e+08,3.94961e+08,3.97801e+08,4.00721e+08,4.03721e+08,4.06801e+08,4.09961e+08,4.13201e+08,4.16521e+08,4.19921e+08,4.23401e+08,4.26961e+08,4.30601e+08,4.34321e+08,4.38122e+08,4.42002e+08,4.45962e+08,4.50002e+08,4.54122e+08,4.58322e+08,4.62602e+08,4.66962e+08,4.71402e+08,4.75922e+08,4.80522e+08,4.85202e+08,4.89962e+08,4.94802e+08,4.99722e+08,5.04722e+08,5.09802e+08,5.14962e+08,5.20202e+08,5.25522e+08,5.30922e+08,5.36402e+08,5.41962e+08,5.47602e+08,5.53322e+08,5.59122e+08,5.65002e+08,5.70962e+08,5.77002e+08,5.83122e+08,5.89322e+08,5.95602e+08,6.01962e+08,6.08402e+08,6.14922e+08,6.21522e+08,6.28202e+08,6.34962e+08,6.41802e+08,6.48722e+08,6.55722e+08,6.62802e+08,6.69962e+08,6.77202e+08,6.84522e+08,6.91922e+08,6.99402e+08,7.06962e+08,7.14602e+08,7.22322e+08,7.30122e+08,7.38002e+08,7.45962e+08,
-92,7.38563e+08,7.30602e+08,7.22722e+08,7.14922e+08,7.07202e+08,6.99562e+08,6.92002e+08,6.84522e+08,6.77122e+08,6.69802e+08,6.62562e+08,6.55402e+08,6.48322e+08,6.41322e+08,6.34402e+08,6.27562e+08,6.20802e+08,6.14122e+08,6.07522e+08,6.01002e+08,5.94562e+08,5.88202e+08,5.81922e+08,5.75722e+08,5.69602e+08,5.63562e+08,5.57602e+08,5.51722e+08,5.45922e+08,5.40202e+08,5.34562e+08,5.29002e+08,5.23522e+08,5.18122e+08,5.12802e+08,5.07562e+08,5.02402e+08,4.97322e+08,4.92322e+08,4.87402e+08,4.82562e+08,4.77802e+08,4.73122e+08,4.68522e+08,4.64002e+08,4.59562e+08,4.55202e+08,4.50922e+08,4.46722e+08,4.42602e+08,4.38562e+08,4.34602e+08,4.30722e+08,4.26922e+08,4.23201e+08,4.19561e+08,4.16001e+08,4.12521e+08,4.09121e+08,4.05801e+08,4.02561e+08,3.99401e+08,3.96321e+08,3.93321e+08,3.90401e+08,3.87561e+08,3.84801e+08,3.82121e+08,3.79521e+08,3.77001e+08,3.74561e+08,3.72201e+08,3.69921e+08,3.67721e+08,3.65601e+08,3.63561e+08,3.61601e+08,3.59721e+08,3.57921e+08,3.56201e+08,3.54561e+08,3.53001e+08,3.51521e+08,3.50121e+08,3.48801e+08,3.47561e+08,3.46401e+08,3.45321e+08,3.44321e+08,3.43401e+08,3.42561e+08,3.41801e+08,3.41121e+08,3.40521e+08,3.40001e+08,3.39561e+08,3.39201e+08,3.38921e+08,3.38721e+08,3.38601e+08,3.38561e+08,3.38601e+08,3.38721e+08,3.38921e+08,3.39201e+08,3.39561e+08,3.40001e+08,3.40521e+08,3.41121e+08,3.41801e+08,3.42561e+08,3.43401e+08,3.44321e+08,3.45321e+08,3.46401e+08,3.47561e+08,3.48801e+08,3.50121e+08,3.51521e+08,3.53001e+08,3.54561e+08,3.56201e+08,3.57921e+08,3.59721e+08,3.61601e+08,3.63561e+08,3.65601e+08,3.67721e+08,3.69921e+08,3.72201e+08,3.74561e+08,3.77001e+08,3.79521e+08,3.82121e+08,3.84801e+08,3.87561e+08,3.90401e+08,3.93321e+08,3.96321e+08,3.99401e+08,4.02561e+08,4.05801e+08,4.09121e+08,4.12521e+08,4.16001e+08,4.19561e+08,4.23201e+08,4.26921e+08,4.30721e+08,4.34601e+08,4.38561e+08,4.42602e+08,4.46722e+08,4.50922e+08,4.55202e+08,4.59562e+08,4.64002e+08,4.68522e+08,4.73122e+08,4.77802e+08,4.82562e+08,4.87402e+08,4.92322e+08,4.97322e+08,5.02402e+08,5.07562e+08,5.12802e+08,5.18122e+08,5.23522e+08,5.29002e+08,5.34562e+08,5.40202e+08,5.45922e+08,5.51722e+08,5.57602e+08,5.63562e+08,5.69602e+08,5.75722e+08,5.81922e+08,5.88202e+08,5.94562e+08,6.01002e+08,6.07522e+08,6.14122e+08,6.20802e+08,6.27562e+08,6.34402e+08,6.41322e+08,6.48322e+08,6.55402e+08,6.62562e+08,6.69802e+08,6.77122e+08,6.84522e+08,6.92002e+08,6.99562e+08,7.07202e+08,7.14922e+08,7.22722e+08,7.30602e+08,7.38562e+08,
-91,7.31242e+08,7.23282e+08,7.15402e+08,7.07602e+08,6.99882e+08,6.92242e+08,6.84682e+08,6.77202e+08,6.69802e+08,6.62482e+08,6.55242e+08,6.48082e+08,6.41002e+08,6.34002e+08,6.27082e+08,6.20242e+08,6.13482e+08,6.06802e+08,6.00202e+08,5.93682e+08,5.87242e+08,5.80882e+08,5.74602e+08,5.68402e+08,5.62282e+08,5.56242e+08,5.50282e+08,5.44402e+08,5.38602e+08,5.32882e+08,5.27242e+08,5.21682e+08,5.16202e+08,5.10802e+08,5.05482e+08,5.00242e+08,4.95082e+08,4.90002e+08,4.85002e+08,4.80082e+08,4.75242e+08,4.70482e+08,4.65802e+08,4.61202e+08,4.56682e+08,4.52242e+08,4.47882e+08,4.43602e+08,4.39402e+08,4.35282e+08,4.31241e+08,4.27281e+08,4.23401e+08,4.19601e+08,4.15881e+08,4.12241e+08,4.08681e+08,4.05201e+08,4.01801e+08,3.98481e+08,3.95241e+08,3.92081e+08,3.89001e+08,3.86001e+08,3.83081e+08,3.80241e+08,3.77481e+08,3.74801e+08,3.72201e+08,3.69681e+08,3.67241e+08,3.64881e+08,3.62601e+08,3.60401e+08,3.58281e+08,3.56241e+08,3.54281e+08,3.52401e+08,3.50601e+08,3.48881e+08,3.47241e+08,3.45681e+08,3.44201e+08,3.42801e+08,3.41481e+08,3.40241e+08,3.39081e+08,3.38001e+08,3.37001e+08,3.36081e+08,3.35241e+08,3.34481e+08,3.33801e+08,3.33201e+08,3.32681e+08,3.32241e+08,3.31881e+08,3.31601e+08,3.31401e+08,3.31281e+08,3.31241e+08,3.31281e+08,3.31401e+08,3.31601e+08,3.31881e+08,3.32241e+08,3.32681e+08,3.33201e+08,3.33801e+08,3.34481e+08,3.35241e+08,3.36081e+08,3.37001e+08,3.38001e+08,3.39081e+08,3.40241e+08,3.41481e+08,3.42801e+08,3.44201e+08,3.45681e+08,3.47241e+08,3.48881e+08,3.50601e+08,3.52401e+08,3.54281e+08,3.56241e+08,3.58281e+08,3.60401e+08,3.62601e+08,3.64881e+08,3.67241e+08,3.69681e+08,3.72201e+08,3.74801e+08,3.77481e+08,3.80241e+08,3.83081e+08,3.86001e+08,3.89001e+08,3.92081e+08,3.95241e+08,3.98481e+08,4.01801e+08,4.05201e+08,4.08681e+08,4.12241e+08,4.15881e+08,4.19601e+08,4.23401e+08,4.27281e+08,4.31241e+08,4.35281e+08,4.39401e+08,4.43602e+08,4.47882e+08,4.52242e+08,4.56682e+08,4.61202e+08,4.65802e+08,4.70482e+08,4.75242e+08,4.80082e+08,4.85002e+08,4.90002e+08,4.95082e+08,5.00242e+08,5.05482e+08,5.10802e+08,5.16202e+08,5.21682e+08,5.27242e+08,5.32882e+08,5.38602e+08,5.44402e+08,5.50282e+08,5.56242e+08,5.62282e+08,5.68402e+08,5.74602e+08,5.80882e+08,5.87242e+08,5.93682e+08,6.00202e+08,6.06802e+08,6.13482e+08,6.20242e+08,6.27082e+08,6.34002e+08,6.41002e+08,6.48082e+08,6.55242e+08,6.62482e+08,6.69802e+08,6.77202e+08,6.84682e+08,6.92242e+08,6.99882e+08,7.07602e+08,7.15402e+08,7.23282e+08,7.31242e+08,
-90,7.24002e+08,7.16042e+08,7.08162e+08,7.00362e+08,6.92642e+08,6.85002e+08,6.77442e+08,6.69962e+08,6.62562e+08,6.55242e+08,6.48002e+08,6.40842e+08,6.33762e+08,6.26762e+08,6.19842e+08,6.13002e+08,6.06242e+08,5.99562e+08,5.92962e+08,5.86442e+08,5.80002e+08,5.73642e+08,5.67362e+08,5.61162e+08,5.55042e+08,5.49002e+08,5.43042e+08,5.37162e+08,5.31362e+08,5.25642e+08,5.20002e+08,5.14442e+08,5.08962e+08,5.03562e+08,4.98242e+08,4.93002e+08,4.87842e+08,4.82762e+08,4.77762e+08,4.72842e+08,4.68002e+08,4.63242e+08,4.58562e+08,4.53962e+08,4.49442e+08,4.45002e+08,4.40642e+08,4.36362e+08,4.32162e+08,4.28041e+08,4.24001e+08,4.20041e+08,4.16161e+08,4.12361e+08,4.08641e+08,4.05001e+08,4.01441e+08,3.97961e+08,3.94561e+08,3.91241e+08,3.88001e+08,3.84841e+08,3.81761e+08,3.78761e+08,3.75841e+08,3.73001e+08,3.70241e+08,3.67561e+08,3.64961e+08,3.62441e+08,3.60001e+08,3.57641e+08,3.55361e+08,3.53161e+08,3.51041e+08,3.49001e+08,3.47041e+08,3.45161e+08,3.43361e+08,3.41641e+08,3.40001e+08,3.38441e+08,3.36961e+08,3.35561e+08,3.34241e+08,3.33001e+08,3.31841e+08,3.30761e+08,3.29761e+08,3.28841e+08,3.28001e+08,3.27241e+08,3.26561e+08,3.25961e+08,3.25441e+08,3.25001e+08,3.24641e+08,3.24361e+08,3.24161e+08,3.24041e+08,3.24001e+08,3.24041e+08,3.24161e+08,3.24361e+08,3.24641e+08,3.25001e+08,3.25441e+08,3.25961e+08,3.26561e+08,3.27241e+08,3.28001e+08,3.28841e+08,3.29761e+08,3.30761e+08,3.31841e+08,3.33001e+08,3.34241e+08,3.35561e+08,3.36961e+08,3.38441e+08,3.40001e+08,3.41641e+08,3.43361e+08,3.45161e+08,3.47041e+08,3.49001e+08,3.51041e+08,3.53161e+08,3.55361e+08,3.57641e+08,3.60001e+08,3.62441e+08,3.64961e+08,3.67561e+08,3.70241e+08,3.73001e+08,3.75841e+08,3.78761e+08,3.81761e+08,3.84841e+08,3.88001e+08,3.91241e+08,3.94561e+08,3.97961e+08,4.01441e+08,4.05001e+08,4.08641e+08,4.12361e+08,4.16161e+08,4.20041e+08,4.24001e+08,4.28041e+08,4.32161e+08,4.36361e+08,4.40641e+08,4.45001e+08,4.49442e+08,4.53962e+08,4.58562e+08,4.63242e+08,4.68002e+08,4.72842e+08,4.77762e+08,4.82762e+08,4.87842e+08,4.93002e+08,4.98242e+08,5.03562e+08,5.08962e+08,5.14442e+08,5.20002e+08,5.25642e+08,5.31362e+08,5.37162e+08,5.43042e+08,5.49002e+08,5.55042e+08,5.61162e+08,5.67362e+08,5.73642e+08,5.80002e+08,5.86442e+08,5.92962e+08,5.99562e+08,6.06242e+08,6.13002e+08,6.19842e+08,6.26762e+08,6.33762e+08,6.40842e+08,6.48002e+08,6.55242e+08,6.62562e+08,6.69962e+08,6.77442e+08,6.85002e+08,6.92642e+08,7.00362e+08,7.08162e+08,7.16042e+08,7.24002e+08,
-89,7.16842e+08,7.08882e+08,7.01002e+08,6.93202e+08,6.85482e+08,6.77842e+08,6.70282e+08,6.62802e+08,6.55402e+08,6.48082e+08,6.40842e+08,6.33682e+08,6.26602e+08,6.19602e+08,6.12682e+08,6.05842e+08,5.99082e+08,5.92402e+08,5.85802e+08,5.79282e+08,5.72842e+08,5.66482e+08,5.60202e+08,5.54002e+08,5.47882e+08,5.41842e+08,5.35882e+08,5.30002e+08,5.24202e+08,5.18482e+08,5.12842e+08,5.07282e+08,5.01802e+08,4.96402e+08,4.91082e+08,4.85842e+08,4.80682e+08,4.75602e+08,4.70602e+08,4.65682e+08,4.60842e+08,4.56082e+08,4.51402e+08,4.46802e+08,4.42282e+08,4.37842e+08,4.33482e+08,4.29201e+08,4.25001e+08,4.20881e+08,4.16841e+08,4.12881e+08,4.09001e+08,4.05201e+08,4.01481e+08,3.97841e+08,3.94281e+08,3.90801e+08,3.87401e+08,3.84081e+08,3.80841e+08,3.77681e+08,3.74601e+08,3.71601e+08,3.68681e+08,3.65841e+08,3.63081e+08,3.60401e+08,3.57801e+08,3.55281e+08,3.52841e+08,3.50481e+08,3.48201e+08,3.46001e+08,3.43881e+08,3.41841e+08,3.39881e+08,3.38001e+08,3.36201e+08,3.34481e+08,3.32841e+08,3.31281e+08,3.29801e+08,3.28401e+08,3.27081e+08,3.25841e+08,3.24681e+08,3.23601e+08,3.22601e+08,3.21681e+08,3.20841e+08,3.20081e+08,3.19401e+08,3.18801e+08,3.18281e+08,3.17841e+08,3.17481e+08,3.17201e+08,3.17001e+08,3.16881e+08,3.16841e+08,3.16881e+08,3.17001e+08,3.17201e+08,3.17481e+08,3.17841e+08,3.18281e+08,3.18801e+08,3.19401e+08,3.20081e+08,3.20841e+08,3.21681e+08,3.22601e+08,3.23601e+08,3.24681e+08,3.25841e+08,3.27081e+08,3.28401e+08,3.29801e+08,3.31281e+08,3.32841e+08,3.34481e+08,3.36201e+08,3.38001e+08,3.39881e+08,3.41841e+08,3.43881e+08,3.46001e+08,3.48201e+08,3.50481e+08,3.52841e+08,3.55281e+08,3.57801e+08,3.60401e+08,3.63081e+08,3.65841e+08,3.68681e+08,3.71601e+08,3.74601e+08,3.77681e+08,3.80841e+08,3.84081e+08,3.87401e+08,3.90801e+08,3.94281e+08,3.97841e+08,4.01481e+08,4.05201e+08,4.09001e+08,4.12881e+08,4.16841e+08,4.20881e+08,4.25001e+08,4.29201e+08,4.33481e+08,4.37841e+08,4.42281e+08,4.46802e+08,4.51402e+08,4.56082e+08,4.60842e+08,4.65682e+08,4.70602e+08,4.75602e+08,4.80682e+08,4.85842e+08,4.91082e+08,4.96402e+08,5.01802e+08,5.07282e+08,5.12842e+08,5.18482e+08,5.24202e+08,5.30002e+08,5.35882e+08,5.41842e+08,5.47882e+08,5.54002e+08,5.60202e+08,5.66482e+08,5.72842e+08,5.79282e+08,5.85802e+08,5.92402e+08,5.99082e+08,6.05842e+08,6.12682e+08,6.19602e+08,6.26602e+08,6.33682e+08,6.40842e+08,6.48082e+08,6.55402e+08,6.62802e+08,6.70282e+08,6.77842e+08,6.85482e+08,6.93202e+08,7.01002e+08,7.08882e+08,7.16842e+08,
-88,7.09762e+08,7.01802e+08,6.93922e+08,6.86122e+08,6.78402e+08,6.70762e+08,6.63202e+08,6.55722e+08,6.48322e+08,6.41002e+08,6.33762e+08,6.26602e+08,6.19522e+08,6.12522e+08,6.05602e+08,5.98762e+08,5.92002e+08,5.85322e+08,5.78722e+08,5.72202e+08,5.65762e+08,5.59402e+08,5.53122e+08,5.46922e+08,5.40802e+08,5.34762e+08,5.28802e+08,5.22922e+08,5.17122e+08,5.11402e+08,5.05762e+08,5.00202e+08,4.94722e+08,4.89322e+08,4.84002e+08,4.78762e+08,4.73602e+08,4.68522e+08,4.63522e+08,4.58602e+08,4.53762e+08,4.49002e+08,4.44322e+08,4.39722e+08,4.35202e+08,4.30761e+08,4.26401e+08,4.22121e+08,4.17921e+08,4.13801e+08,4.09761e+08,4.05801e+08,4.01921e+08,3.98121e+08,3.94401e+08,3.90761e+08,3.87201e+08,3.83721e+08,3.80321e+08,3.77001e+08,3.73761e+08,3.70601e+08,3.67521e+08,3.64521e+08,3.61601e+08,3.58761e+08,3.56001e+08,3.53321e+08,3.50721e+08,3.48201e+08,3.45761e+08,3.43401e+08,3.41121e+08,3.38921e+08,3.36801e+08,3.34761e+08,3.32801e+08,3.30921e+08,3.29121e+08,3.27401e+08,3.25761e+08,3.24201e+08,3.22721e+08,3.21321e+08,3.20001e+08,3.18761e+08,3.17601e+08,3.16521e+08,3.15521e+08,3.14601e+08,3.13761e+08,3.13001e+08,3.12321e+08,3.11721e+08,3.11201e+08,3.10761e+08,3.10401e+08,3.10121e+08,3.09921e+08,3.09801e+08,3.09761e+08,3.09801e+08,3.09921e+08,3.10121e+08,3.10401e+08,3.10761e+08,3.11201e+08,3.11721e+08,3.12321e+08,3.13001e+08,3.13761e+08,3.14601e+08,3.15521e+08,3.16521e+08,3.17601e+08,3.18761e+08,3.20001e+08,3.21321e+08,3.22721e+08,3.24201e+08,3.25761e+08,3.27401e+08,3.29121e+08,3.30921e+08,3.32801e+08,3.34761e+08,3.36801e+08,3.38921e+08,3.41121e+08,3.43401e+08,3.45761e+08,3.48201e+08,3.50721e+08,3.53321e+08,3.56001e+08,3.58761e+08,3.61601e+08,3.64521e+08,3.67521e+08,3.70601e+08,3.73761e+08,3.77001e+08,3.80321e+08,3.83721e+08,3.87201e+08,3.90761e+08,3.94401e+08,3.98121e+08,4.01921e+08,4.05801e+08,4.09761e+08,4.13801e+08,4.17921e+08,4.22121e+08,4.26401e+08,4.30761e+08,4.35201e+08,4.39722e+08,4.44322e+08,4.49002e+08,4.53762e+08,4.58602e+08,4.63522e+08,4.68522e+08,4.73602e+08,4.78762e+08,4.84002e+08,4.89322e+08,4.94722e+08,5.00202e+08,5.05762e+08,5.11402e+08,5.17122e+08,5.22922e+08,5.28802e+08,5.34762e+08,5.40802e+08,5.46922e+08,5.53122e+08,5.59402e+08,5.65762e+08,5.72202e+08,5.78722e+08,5.85322e+08,5.92002e+08,5.98762e+08,6.05602e+08,6.12522e+08,6.19522e+08,6.26602e+08,6.33762e+08,6.41002e+08,6.48322e+08,6.55722e+08,6.63202e+08,6.70762e+08,6.78402e+08,6.86122e+08,6.93922e+08,7.01802e+08,7.09762e+08,
-87,7.02762e+08,6.94802e+08,6.86922e+08,6.79122e+08,6.71402e+08,6.63762e+08,6.56202e+08,6.48722e+08,6.41322e+08,6.34002e+08,6.26762e+08,6.19602e+08,6.12522e+08,6.05522e+08,5.98602e+08,5.91762e+08,5.85002e+08,5.78322e+08,5.71722e+08,5.65202e+08,5.58762e+08,5.52402e+08,5.46122e+08,5.39922e+08,5.33802e+08,5.27762e+08,5.21802e+08,5.15922e+08,5.10122e+08,5.04402e+08,4.98762e+08,4.93202e+08,4.87722e+08,4.82322e+08,4.77002e+08,4.71762e+08,4.66602e+08,4.61522e+08,4.56522e+08,4.51602e+08,4.46762e+08,4.42002e+08,4.37322e+08,4.32722e+08,4.28201e+08,4.23761e+08,4.19401e+08,4.15121e+08,4.10921e+08,4.06801e+08,4.02761e+08,3.98801e+08,3.94921e+08,3.91121e+08,3.87401e+08,3.83761e+08,3.80201e+08,3.76721e+08,3.73321e+08,3.70001e+08,3.66761e+08,3.63601e+08,3.60521e+08,3.57521e+08,3.54601e+08,3.51761e+08,3.49001e+08,3.46321e+08,3.43721e+08,3.41201e+08,3.38761e+08,3.36401e+08,3.34121e+08,3.31921e+08,3.29801e+08,3.27761e+08,3.25801e+08,3.23921e+08,3.22121e+08,3.20401e+08,3.18761e+08,3.17201e+08,3.15721e+08,3.14321e+08,3.13001e+08,3.11761e+08,3.10601e+08,3.09521e+08,3.08521e+08,3.07601e+08,3.06761e+08,3.06001e+08,3.05321e+08,3.04721e+08,3.04201e+08,3.03761e+08,3.03401e+08,3.03121e+08,3.02921e+08,3.02801e+08,3.02761e+08,3.02801e+08,3.02921e+08,3.03121e+08,3.03401e+08,3.03761e+08,3.04201e+08,3.04721e+08,3.05321e+08,3.06001e+08,3.06761e+08,3.07601e+08,3.08521e+08,3.09521e+08,3.10601e+08,3.11761e+08,3.13001e+08,3.14321e+08,3.15721e+08,3.17201e+08,3.18761e+08,3.20401e+08,3.22121e+08,3.23921e+08,3.25801e+08,3.27761e+08,3.29801e+08,3.31921e+08,3.34121e+08,3.36401e+08,3.38761e+08,3.41201e+08,3.43721e+08,3.46321e+08,3.49001e+08,3.51761e+08,3.54601e+08,3.57521e+08,3.60521e+08,3.63601e+08,3.66761e+08,3.70001e+08,3.73321e+08,3.76721e+08,3.80201e+08,3.83761e+08,3.87401e+08,3.91121e+08,3.94921e+08,3.98801e+08,4.02761e+08,4.06801e+08,4.10921e+08,4.15121e+08,4.19401e+08,4.23761e+08,4.28201e+08,4.32721e+08,4.37321e+08,4.42001e+08,4.46762e+08,4.51602e+08,4.56522e+08,4.61522e+08,4.66602e+08,4.71762e+08,4.77002e+08,4.82322e+08,4.87722e+08,4.93202e+08,4.98762e+08,5.04402e+08,5.10122e+08,5.15922e+08,5.21802e+08,5.27762e+08,5.33802e+08,5.39922e+08,5.46122e+08,5.52402e+08,5.58762e+08,5.65202e+08,5.71722e+08,5.78322e+08,5.85002e+08,5.91762e+08,5.98602e+08,6.05522e+08,6.12522e+08,6.19602e+08,6.26762e+08,6.34002e+08,6.41322e+08,6.48722e+08,6.56202e+08,6.63762e+08,6.71402e+08,6.79122e+08,6.86922e+08,6.94802e+08,7.02762e+08,
-86,6.95842e+08,6.87882e+08,6.80002e+08,6.72202e+08,6.64482e+08,6.56842e+08,6.49282e+08,6.41802e+08,6.34402e+08,6.27082e+08,6.19842e+08,6.12682e+08,6.05602e+08,5.98602e+08,5.91682e+08,5.84842e+08,5.78082e+08,5.71402e+08,5.64802e+08,5.58282e+08,5.51842e+08,5.45482e+08,5.39202e+08,5.33002e+08,5.26882e+08,5.20842e+08,5.14882e+08,5.09002e+08,5.03202e+08,4.97482e+08,4.91842e+08,4.86282e+08,4.80802e+08,4.75402e+08,4.70082e+08,4.64842e+08,4.59682e+08,4.54602e+08,4.49602e+08,4.44682e+08,4.39842e+08,4.35082e+08,4.30402e+08,4.25801e+08,4.21281e+08,4.16841e+08,4.12481e+08,4.08201e+08,4.04001e+08,3.99881e+08,3.95841e+08,3.91881e+08,3.88001e+08,3.84201e+08,3.80481e+08,3.76841e+08,3.73281e+08,3.69801e+08,3.66401e+08,3.63081e+08,3.59841e+08,3.56681e+08,3.53601e+08,3.50601e+08,3.47681e+08,3.44841e+08,3.42081e+08,3.39401e+08,3.36801e+08,3.34281e+08,3.31841e+08,3.29481e+08,3.27201e+08,3.25001e+08,3.22881e+08,3.20841e+08,3.18881e+08,3.17001e+08,3.15201e+08,3.13481e+08,3.11841e+08,3.10281e+08,3.08801e+08,3.07401e+08,3.06081e+08,3.04841e+08,3.03681e+08,3.02601e+08,3.01601e+08,3.00681e+08,2.99841e+08,2.99081e+08,2.98401e+08,2.97801e+08,2.97281e+08,2.96841e+08,2.96481e+08,2.96201e+08,2.96001e+08,2.95881e+08,2.95841e+08,2.95881e+08,2.96001e+08,2.96201e+08,2.96481e+08,2.96841e+08,2.97281e+08,2.97801e+08,2.98401e+08,2.99081e+08,2.99841e+08,3.00681e+08,3.01601e+08,3.02601e+08,3.03681e+08,3.04841e+08,3.06081e+08,3.07401e+08,3.08801e+08,3.10281e+08,3.11841e+08,3.13481e+08,3.15201e+08,3.17001e+08,3.18881e+08,3.20841e+08,3.22881e+08,3.25001e+08,3.27201e+08,3.29481e+08,3.31841e+08,3.34281e+08,3.36801e+08,3.39401e+08,3.42081e+08,3.44841e+08,3.47681e+08,3.50601e+08,3.53601e+08,3.56681e+08,3.59841e+08,3.63081e+08,3.66401e+08,3.69801e+08,3.73281e+08,3.76841e+08,3.80481e+08,3.84201e+08,3.88001e+08,3.91881e+08,3.95841e+08,3.99881e+08,4.04001e+08,4.08201e+08,4.12481e+08,4.16841e+08,4.21281e+08,4.25801e+08,4.30401e+08,4.35081e+08,4.39841e+08,4.44681e+08,4.49602e+08,4.54602e+08,4.59682e+08,4.64842e+08,4.70082e+08,4.75402e+08,4.80802e+08,4.86282e+08,4.91842e+08,4.97482e+08,5.03202e+08,5.09002e+08,5.14882e+08,5.20842e+08,5.26882e+08,5.33002e+08,5.39202e+08,5.45482e+08,5.51842e+08,5.58282e+08,5.64802e+08,5.71402e+08,5.78082e+08,5.84842e+08,5.91682e+08,5.98602e+08,6.05602e+08,6.12682e+08,6.19842e+08,6.27082e+08,6.34402e+08,6.41802e+08,6.49282e+08,6.56842e+08,6.64482e+08,6.72202e+08,6.80002e+08,6.87882e+08,6.95842e+08,
-85,6.89002e+08,6.81042e+08,6.73162e+08,6.65362e+08,6.57642e+08,6.50002e+08,6.42442e+08,6.34962e+08,6.27562e+08,6.20242e+08,6.13002e+08,6.05842e+08,5.98762e+08,5.91762e+08,5.84842e+08,5.78002e+08,5.71242e+08,5.64562e+08,5.57962e+08,5.51442e+08,5.45002e+08,5.38642e+08,5.32362e+08,5.26162e+08,5.20042e+08,5.14002e+08,5.08042e+08,5.02162e+08,4.96362e+08,4.90642e+08,4.85002e+08,4.79442e+08,4.73962e+08,4.68562e+08,4.63242e+08,4.58002e+08,4.52842e+08,4.47762e+08,4.42762e+08,4.37842e+08,4.33001e+08,4.28241e+08,4.23561e+08,4.18961e+08,4.14441e+08,4.10001e+08,4.05641e+08,4.01361e+08,3.97161e+08,3.93041e+08,3.89001e+08,3.85041e+08,3.81161e+08,3.77361e+08,3.73641e+08,3.70001e+08,3.66441e+08,3.62961e+08,3.59561e+08,3.56241e+08,3.53001e+08,3.49841e+08,3.46761e+08,3.43761e+08,3.40841e+08,3.38001e+08,3.35241e+08,3.32561e+08,3.29961e+08,3.27441e+08,3.25001e+08,3.22641e+08,3.20361e+08,3.18161e+08,3.16041e+08,3.14001e+08,3.12041e+08,3.10161e+08,3.08361e+08,3.06641e+08,3.05001e+08,3.03441e+08,3.01961e+08,3.00561e+08,2.99241e+08,2.98001e+08,2.96841e+08,2.95761e+08,2.94761e+08,2.93841e+08,2.93001e+08,2.92241e+08,2.91561e+08,2.90961e+08,2.90441e+08,2.90001e+08,2.89641e+08,2.89361e+08,2.89161e+08,2.89041e+08,2.89001e+08,2.89041e+08,2.89161e+08,2.89361e+08,2.89641e+08,2.90001e+08,2.90441e+08,2.90961e+08,2.91561e+08,2.92241e+08,2.93001e+08,2.93841e+08,2.94761e+08,2.95761e+08,2.96841e+08,2.98001e+08,2.99241e+08,3.00561e+08,3.01961e+08,3.03441e+08,3.05001e+08,3.06641e+08,3.08361e+08,3.10161e+08,3.12041e+08,3.14001e+08,3.16041e+08,3.18161e+08,3.20361e+08,3.22641e+08,3.25001e+08,3.27441e+08,3.29961e+08,3.32561e+08,3.35241e+08,3.38001e+08,3.40841e+08,3.43761e+08,3.46761e+08,3.49841e+08,3.53001e+08,3.56241e+08,3.59561e+08,3.62961e+08,3.66441e+08,3.70001e+08,3.73641e+08,3.77361e+08,3.81161e+08,3.85041e+08,3.89001e+08,3.93041e+08,3.97161e+08,4.01361e+08,4.05641e+08,4.10001e+08,4.14441e+08,4.18961e+08,4.23561e+08,4.28241e+08,4.33001e+08,4.37841e+08,4.42761e+08,4.47762e+08,4.52842e+08,4.58002e+08,4.63242e+08,4.68562e+08,4.73962e+08,4.79442e+08,4.85002e+08,4.90642e+08,4.96362e+08,5.02162e+08,5.08042e+08,5.14002e+08,5.20042e+08,5.26162e+08,5.32362e+08,5.38642e+08,5.45002e+08,5.51442e+08,5.57962e+08,5.64562e+08,5.71242e+08,5.78002e+08,5.84842e+08,5.91762e+08,5.98762e+08,6.05842e+08,6.13002e+08,6.20242e+08,6.27562e+08,6.34962e+08,6.42442e+08,6.50002e+08,6.57642e+08,6.65362e+08,6.73162e+08,6.81042e+08,6.89002e+08,
