,-100,-99,-98,-97,-96,-95,-94,-93,-92,-91,-90,-89,-88,-87,-86,-85,-84,-83,-82,-81,-80,-79,-78,-77,-76,-75,-74,-73,-72,-71,-70,-69,-68,-67,-66,-65,-64,-63,-62,-61,-60,-59,-58,-57,-56,-55,-54,-53,-52,-51,-50,-49,-48,-47,-46,-45,-44,-43,-42,-41,-40,-39,-38,-37,-36,-35,-34,-33,-32,-31,-30,-29,-28,-27,-26,-25,-24,-23,-22,-21,-20,-19,-18,-17,-16,-15,-14,-13,-12,-11,-10,-9,-8,-7,-6,-5,-4,-3,-2,-1,-1.87905e-13,1,2,3,4,5,6,7,8,9,10,11,12,13,14,15,16,17,18,19,20,21,22,23,24,25,26,27,28,29,30,31,32,33,34,35,36,37,38,39,40,41,42,43,44,45,46,47,48,49,50,51,52,53,54,55,56,57,58,59,60,61,62,63,64,65,66,67,68,69,70,71,72,73,74,75,76,77,78,79,80,81,82,83,84,85,86,87,88,89,90,91,92,93,94,95,96,97,98,99,100
-100,800,798.95,802.25,794.45,775.55,761,760.35,764.05,756.65,738.15,724,723.75,727.85,720.85,702.75,689,689.15,693.65,687.05,669.35,656,656.55,661.45,655.25,637.95,625,625.95,631.25,625.45,608.55,596,597.35,603.05,597.65,581.15,569,570.75,576.85,571.85,555.75,544,546.15,552.65,548.05,532.35,521,523.55,530.45,526.25,510.95,500,502.95,510.25,506.45,491.55,481,484.35,492.05,488.65,474.15,464,467.75,475.85,472.85,458.75,449,453.15,461.65,459.05,445.35,436,440.55,449.45,447.25,433.95,425,429.95,439.25,437.45,424.55,416,421.35,431.05,429.65,417.15,409,414.75,424.85,423.85,411.75,404,410.15,420.65,420.05,408.35,401,407.55,418.45,418.25,406.95,400,406.95,418.25,418.45,407.55,401,408.35,420.05,420.65,410.15,404,411.75,423.85,424.85,414.75,409,417.15,429.65,431.05,421.35,416,424.55,437.45,439.25,429.95,425,433.95,447.25,449.45,440.55,436,445.35,459.05,461.65,453.15,449,458.75,472.85,475.85,467.75,464,474.15,488.65,492.05,484.35,481,491.55,506.45,510.25,502.95,500,510.95,526.25,530.45,523.55,521,532.35,548.05,552.65,546.15,544,555.75,571.85,576.85,570.75,569,581.15,597.65,603.05,597.35,596,608.55,625.45,631.25,625.95,625,637.95,655.25,661.45,656.55,656,669.35,687.05,693.65,689.15,689,702.75,720.85,727.85,723.75,724,738.15,756.65,764.05,760.35,761,775.55,794.45,802.25,798.95,800,
-99,798.95,797.9,801.2,793.4,774.5,759.95,759.3,763,755.6,737.1,722.95,722.7,726.8,719.8,701.7,687.95,688.1,692.6,686,668.3,654.95,655.5,660.4,654.2,636.9,623.95,624.9,630.2,624.4,607.5,594.95,596.3,602,596.6,580.1,567.95,569.7,575.8,570.8,554.7,542.95,545.1,551.6,547,531.3,519.95,522.5,529.4,525.2,509.9,498.95,501.9,509.2,505.4,490.5,479.95,483.3,491,487.6,473.1,462.95,466.7,474.8,471.8,457.7,447.95,452.1,460.6,458,444.3,434.95,439.5,448.4,446.2,432.9,423.95,428.9,438.2,436.4,423.5,414.95,420.3,430,428.6,416.1,407.95,413.7,423.8,422.8,410.7,402.95,409.1,419.6,419,407.3,399.95,406.5,417.4,417.2,405.9,398.95,405.9,417.2,417.4,406.5,399.95,407.3,419,419.6,409.1,402.95,410.7,422.8,423.8,413.7,407.95,416.1,428.6,430,420.3,414.95,423.5,436.4,438.2,428.9,423.95,432.9,446.2,448.4,439.5,434.95,444.3,458,460.6,452.1,447.95,457.7,471.8,474.8,466.7,462.95,473.1,487.6,491,483.3,479.95,490.5,505.4,509.2,501.9,498.95,509.9,525.2,529.4,522.5,519.95,531.3,547,551.6,545.1,542.95,554.7,570.8,575.8,569.7,567.95,580.1,596.6,602,596.3,594.95,607.5,624.4,630.2,624.9,623.95,636.9,654.2,660.4,655.5,654.95,668.3,686,692.6,688.1,687.95,701.7,719.8,726.8,722.7,722.95,737.1,755.6,763,759.3,759.95,774.5,793.4,801.2,797.9,798.95,
-98,802.25,801.2,804.5,796.7,777.8,763.25,762.6,766.3,758.9,740.4,726.25,726,730.1,723.1,705,691.25,691.4,695.9,689.3,671.6,658.25,658.8,663.7,657.5,640.2,627.25,628.2,633.5,627.7,610.8,598.25,599.6,605.3,599.9,583.4,571.25,573,579.1,574.1,558,546.25,548.4,554.9,550.3,534.6,523.25,525.8,532.7,528.5,513.2,502.25,505.2,512.5,508.7,493.8,483.25,486.6,494.3,490.9,476.4,466.25,470,478.1,475.1,461,451.25,455.4,463.9,461.3,447.6,438.25,442.8,451.7,449.5,436.2,427.25,432.2,441.5,439.7,426.8,418.25,423.6,433.3,431.9,419.4,411.25,417,427.1,426.1,414,406.25,412.4,422.9,422.3,410.6,403.25,409.8,420.7,420.5,409.2,402.25,409.2,420.5,420.7,409.8,403.25,410.6,422.3,422.9,412.4,406.25,414,426.1,427.1,417,411.25,419.4,431.9,433.3,423.6,418.25,426.8,439.7,441.5,432.2,427.25,436.2,449.5,451.7,442.8,438.25,447.6,461.3,463.9,455.4,451.25,461,475.1,478.1,470,466.25,476.4,490.9,494.3,486.6,483.25,493.8,508.7,512.5,505.2,502.25,513.2,528.5,532.7,525.8,523.25,534.6,550.3,554.9,548.4,546.25,558,574.1,579.1,573,571.25,583.4,599.9,605.3,599.6,598.25,610.8,627.7,633.5,628.2,627.25,640.2,657.5,663.7,658.8,658.25,671.6,689.3,695.9,691.4,691.25,705,723.1,730.1,726,726.25,740.4,758.9,766.3,762.6,763.25,777.8,796.7,804.5,801.2,802.25,
-97,794.45,793.4,796.7,788.9,770,755.45,754.8,758.5,751.1,732.6,718.45,718.2,722.3,715.3,697.2,683.45,683.6,688.1,681.5,663.8,650.45,651,655.9,649.7,632.4,619.45,620.4,625.7,619.9,603,590.45,591.8,597.5,592.1,575.6,563.45,565.2,571.3,566.3,550.2,538.45,540.6,547.1,542.5,526.8,515.45,518,524.9,520.7,505.4,494.45,497.4,504.7,500.9,486,475.45,478.8,486.5,483.1,468.6,458.45,462.2,470.3,467.3,453.2,443.45,447.6,456.1,453.5,439.8,430.45,435,443.9,441.7,428.4,419.45,424.4,433.7,431.9,419,410.45,415.8,425.5,424.1,411.6,403.45,409.2,419.3,418.3,406.2,398.45,404.6,415.1,414.5,402.8,395.45,402,412.9,412.7,401.4,394.45,401.4,412.7,412.9,402,395.45,402.8,414.5,415.1,404.6,398.45,406.2,418.3,419.3,409.2,403.45,411.6,424.1,425.5,415.8,410.45,419,431.9,433.7,424.4,419.45,428.4,441.7,443.9,435,430.45,439.8,453.5,456.1,447.6,443.45,453.2,467.3,470.3,462.2,458.45,468.6,483.1,486.5,478.8,475.45,486,500.9,504.7,497.4,494.45,505.4,520.7,524.9,518,515.45,526.8,542.5,547.1,540.6,538.45,550.2,566.3,571.3,565.2,563.45,575.6,592.1,597.5,591.8,590.45,603,619.9,625.7,620.4,619.45,632.4,649.7,655.9,651,650.45,663.8,681.5,688.1,683.6,683.45,697.2,715.3,722.3,718.2,718.45,732.6,751.1,758.5,754.8,755.45,770,788.9,796.7,793.4,794.45,
-96,775.55,774.5,777.8,770,751.1,736.55,735.9,739.6,732.2,713.7,699.55,699.3,703.4,696.4,678.3,664.55,664.7,669.2,662.6,644.9,631.55,632.1,637,630.8,613.5,600.55,601.5,606.8,601,584.1,571.55,572.9,578.6,573.2,556.7,544.55,546.3,552.4,547.4,531.3,519.55,521.7,528.2,523.6,507.9,496.55,499.1,506,501.8,486.5,475.55,478.5,485.8,482,467.1,456.55,459.9,467.6,464.2,449.7,439.55,443.3,451.4,448.4,434.3,424.55,428.7,437.2,434.6,420.9,411.55,416.1,425,422.8,409.5,400.55,405.5,414.8,413,400.1,391.55,396.9,406.6,405.2,392.7,384.55,390.3,400.4,399.4,387.3,379.55,385.7,396.2,395.6,383.9,376.55,383.1,394,393.8,382.5,375.55,382.5,393.8,394,383.1,376.55,383.9,395.6,396.2,385.7,379.55,387.3,399.4,400.4,390.3,384.55,392.7,405.2,406.6,396.9,391.55,400.1,413,414.8,405.5,400.55,409.5,422.8,425,416.1,411.55,420.9,434.6,437.2,428.7,424.55,434.3,448.4,451.4,443.3,439.55,449.7,464.2,467.6,459.9,456.55,467.1,482,485.8,478.5,475.55,486.5,501.8,506,499.1,496.55,507.9,523.6,528.2,521.7,519.55,531.3,547.4,552.4,546.3,544.55,556.7,573.2,578.6,572.9,571.55,584.1,601,606.8,601.5,600.55,613.5,630.8,637,632.1,631.55,644.9,662.6,669.2,664.7,664.55,678.3,696.4,703.4,699.3,699.55,713.7,732.2,739.6,735.9,736.55,751.1,770,777.8,774.5,775.55,
-95,761,759.95,763.25,755.45,736.55,722,721.35,725.05,717.65,699.15,685,684.75,688.85,681.85,663.75,650,650.15,654.65,648.05,630.35,617,617.55,622.45,616.25,598.95,586,586.95,592.25,586.45,569.55,557,558.35,564.05,558.65,542.15,530,531.75,537.85,532.85,516.75,505,507.15,513.65,509.05,493.35,482,484.55,491.45,487.25,471.95,461,463.95,471.25,467.45,452.55,442,445.35,453.05,449.65,435.15,425,428.75,436.85,433.85,419.75,410,414.15,422.65,420.05,406.35,397,401.55,410.45,408.25,394.95,386,390.95,400.25,398.45,385.55,377,382.35,392.05,390.65,378.15,370,375.75,385.85,384.85,372.75,365,371.15,381.65,381.05,369.35,362,368.55,379.45,379.25,367.95,361,367.95,379.25,379.45,368.55,362,369.35,381.05,381.65,371.15,365,372.75,384.85,385.85,375.75,370,378.15,390.65,392.05,382.35,377,385.55,398.45,400.25,390.95,386,394.95,408.25,410.45,401.55,397,406.35,420.05,422.65,414.15,410,419.75,433.85,436.85,428.75,425,435.15,449.65,453.05,445.35,442,452.55,467.45,471.25,463.95,461,471.95,487.25,491.45,484.55,482,493.35,509.05,513.65,507.15,505,516.75,532.85,537.85,531.75,530,542.15,558.65,564.05,558.35,557,569.55,586.45,592.25,586.95,586,598.95,616.25,622.45,617.55,617,630.35,648.05,654.65,650.15,650,663.75,681.85,688.85,684.75,685,699.15,717.65,725.05,721.35,722,736.55,755.45,763.25,759.95,761,
-94,760.35,759.3,762.6,754.8,735.9,721.35,720.7,724.4,717,698.5,684.35,684.1,688.2,681.2,663.1,649.35,649.5,654,647.4,629.7,616.35,616.9,621.8,615.6,598.3,585.35,586.3,591.6,585.8,568.9,556.35,557.7,563.4,558,541.5,529.35,531.1,537.2,532.2,516.1,504.35,506.5,513,508.4,492.7,481.35,483.9,490.8,486.6,471.3,460.35,463.3,470.6,466.8,451.9,441.35,444.7,452.4,449,434.5,424.35,428.1,436.2,433.2,419.1,409.35,413.5,422,419.4,405.7,396.35,400.9,409.8,407.6,394.3,385.35,390.3,399.6,397.8,384.9,376.35,381.7,391.4,390,377.5,369.35,375.1,385.2,384.2,372.1,364.35,370.5,381,380.4,368.7,361.35,367.9,378.8,378.6,367.3,360.35,367.3,378.6,378.8,367.9,361.35,368.7,380.4,381,370.5,364.35,372.1,384.2,385.2,375.1,369.35,377.5,390,391.4,381.7,376.35,384.9,397.8,399.6,390.3,385.35,394.3,407.6,409.8,400.9,396.35,405.7,419.4,422,413.5,409.35,419.1,433.2,436.2,428.1,424.35,434.5,449,452.4,444.7,441.35,451.9,466.8,470.6,463.3,460.35,471.3,486.6,490.8,483.9,481.35,492.7,508.4,513,506.5,504.35,516.1,532.2,537.2,531.1,529.35,541.5,558,563.4,557.7,556.35,568.9,585.8,591.6,586.3,585.35,598.3,615.6,621.8,616.9,616.35,629.7,647.4,654,649.5,649.35,663.1,681.2,688.2,684.1,684.35,698.5,717,724.4,720.7,721.35,735.9,754.8,762.6,759.3,760.35,
-93,764.05,763,766.3,758.5,739.6,725.05,724.4,728.1,720.7,702.2,688.05,687.8,691.9,684.9,666.8,653.05,653.2,657.7,651.1,633.4,620.05,620.6,625.5,619.3,602,589.05,590,595.3,589.5,572.6,560.05,561.4,567.1,561.7,545.2,533.05,534.8,540.9,535.9,519.8,508.05,510.2,516.7,512.1,496.4,485.05,487.6,494.5,490.3,475,464.05,467,474.3,470.5,455.6,445.05,448.4,456.1,452.7,438.2,428.05,431.8,439.9,436.9,422.8,413.05,417.2,425.7,423.1,409.4,400.05,404.6,413.5,411.3,398,389.05,394,403.3,401.5,388.6,380.05,385.4,395.1,393.7,381.2,373.05,378.8,388.9,387.9,375.8,368.05,374.2,384.7,384.1,372.4,365.05,371.6,382.5,382.3,371,364.05,371,382.3,382.5,371.6,365.05,372.4,384.1,384.7,374.2,368.05,375.8,387.9,388.9,378.8,373.05,381.2,393.7,395.1,385.4,380.05,388.6,401.5,403.3,394,389.05,398,411.3,413.5,404.6,400.05,409.4,423.1,425.7,417.2,413.05,422.8,436.9,439.9,431.8,428.05,438.2,452.7,456.1,448.4,445.05,455.6,470.5,474.3,467,464.05,475,490.3,494.5,487.6,485.05,496.4,512.1,516.7,510.2,508.05,519.8,535.9,540.9,534.8,533.05,545.2,561.7,567.1,561.4,560.05,572.6,589.5,595.3,590,589.05,602,619.3,625.5,620.6,620.05,633.4,651.1,657.7,653.2,653.05,666.8,684.9,691.9,687.8,688.05,702.2,720.7,728.1,724.4,725.05,739.6,758.5,766.3,763,764.05,
-92,756.65,755.6,758.9,751.1,732.2,717.65,717,720.7,713.3,694.8,680.65,680.4,684.5,677.5,659.4,645.65,645.8,650.3,643.7,626,612.65,613.2,618.1,611.9,594.6,581.65,582.6,587.9,582.1,565.2,552.65,554,559.7,554.3,537.8,525.65,527.4,533.5,528.5,512.4,500.65,502.8,509.3,504.7,489,477.65,480.2,487.1,482.9,467.6,456.65,459.6,466.9,463.1,448.2,437.65,441,448.7,445.3,430.8,420.65,424.4,432.5,429.5,415.4,405.65,409.8,418.3,415.7,402,392.65,397.2,406.1,403.9,390.6,381.65,386.6,395.9,394.1,381.2,372.65,378,387.7,386.3,373.8,365.65,371.4,381.5,380.5,368.4,360.65,366.8,377.3,376.7,365,357.65,364.2,375.1,374.9,363.6,356.65,363.6,374.9,375.1,364.2,357.65,365,376.7,377.3,366.8,360.65,368.4,380.5,381.5,371.4,365.65,373.8,386.3,387.7,378,372.65,381.2,394.1,395.9,386.6,381.65,390.6,403.9,406.1,397.2,392.65,402,415.7,418.3,409.8,405.65,415.4,429.5,432.5,424.4,420.65,430.8,445.3,448.7,441,437.65,448.2,463.1,466.9,459.6,456.65,467.6,482.9,487.1,480.2,477.65,489,504.7,509.3,502.8,500.65,512.4,528.5,533.5,527.4,525.65,537.8,554.3,559.7,554,552.65,565.2,582.1,587.9,582.6,581.65,594.6,611.9,618.1,613.2,612.65,626,643.7,650.3,645.8,645.65,659.4,677.5,684.5,680.4,680.65,694.8,713.3,720.7,717,717.65,732.2,751.1,758.9,755.6,756.65,
-91,738.15,737.1,740.4,732.6,713.7,699.15,698.5,702.2,694.8,676.3,662.15,661.9,666,659,640.9,627.15,627.3,631.8,625.2,607.5,594.15,594.7,599.6,593.4,576.1,563.15,564.1,569.4,563.6,546.7,534.15,535.5,541.2,535.8,519.3,507.15,508.9,515,510,493.9,482.15,484.3,490.8,486.2,470.5,459.15,461.7,468.6,464.4,449.1,438.15,441.1,448.4,444.6,429.7,419.15,422.5,430.2,426.8,412.3,402.15,405.9,414,411,396.9,387.15,391.3,399.8,397.2,383.5,374.15,378.7,387.6,385.4,372.1,363.15,368.1,377.4,375.6,362.7,354.15,359.5,369.2,367.8,355.3,347.15,352.9,363,362,349.9,342.15,348.3,358.8,358.2,346.5,339.15,345.7,356.6,356.4,345.1,338.15,345.1,356.4,356.6,345.7,339.15,346.5,358.2,358.8,348.3,342.15,349.9,362,363,352.9,347.15,355.3,367.8,369.2,359.5,354.15,362.7,375.6,377.4,368.1,363.15,372.1,385.4,387.6,378.7,374.15,383.5,397.2,399.8,391.3,387.15,396.9,411,414,405.9,402.15,412.3,426.8,430.2,422.5,419.15,429.7,444.6,448.4,441.1,438.15,449.1,464.4,468.6,461.7,459.15,470.5,486.2,490.8,484.3,482.15,493.9,510,515,508.9,507.15,519.3,535.8,541.2,535.5,534.15,546.7,563.6,569.4,564.1,563.15,576.1,593.4,599.6,594.7,594.15,607.5,625.2,631.8,627.3,627.15,640.9,659,666,661.9,662.15,676.3,694.8,702.2,698.5,699.15,713.7,732.6,740.4,737.1,738.15,
-90,724,722.95,726.25,718.45,699.55,685,684.35,688.05,680.65,662.15,648,647.75,651.85,644.85,626.75,613,613.15,617.65,611.05,593.35,580,580.55,585.45,579.25,561.95,549,549.95,555.25,549.45,532.55,520,521.35,527.05,521.65,505.15,493,494.75,500.85,495.85,479.75,468,470.15,476.65,472.05,456.35,445,447.55,454.45,450.25,434.95,424,426.95,434.25,430.45,415.55,405,408.35,416.05,412.65,398.15,388,391.75,399.85,396.85,382.75,373,377.15,385.65,383.05,369.35,360,364.55,373.45,371.25,357.95,349,353.95,363.25,361.45,348.55,340,345.35,355.05,353.65,341.15,333,338.75,348.85,347.85,335.75,328,334.15,344.65,344.05,332.35,325,331.55,342.45,342.25,330.95,324,330.95,342.25,342.45,331.55,325,332.35,344.05,344.65,334.15,328,335.75,347.85,348.85,338.75,333,341.15,353.65,355.05,345.35,340,348.55,361.45,363.25,353.95,349,357.95,371.25,373.45,364.55,360,369.35,383.05,385.65,377.15,373,382.75,396.85,399.85,391.75,388,398.15,412.65,416.05,408.35,405,415.55,430.45,434.25,426.95,424,434.95,450.25,454.45,447.55,445,456.35,472.05,476.65,470.15,468,479.75,495.85,500.85,494.75,493,505.15,521.65,527.05,521.35,520,532.55,549.45,555.25,549.95,549,561.95,579.25,585.45,580.55,580,593.35,611.05,617.65,613.15,613,626.75,644.85,651.85,647.75,648,662.15,680.65,688.05,684.35,685,699.55,718.45,726.25,722.95,724,
-89,723.75,722.7,726,718.2,699.3,684.75,684.1,687.8,680.4,661.9,647.75,647.5,651.6,644.6,626.5,612.75,612.9,617.4,610.8,593.1,579.75,580.3,585.2,579,561.7,548.75,549.7,555,549.2,532.3,519.75,521.1,526.8,521.4,504.9,492.75,494.5,500.6,495.6,479.5,467.75,469.9,476.4,471.8,456.1,444.75,447.3,454.2,450,434.7,423.75,426.7,434,430.2,415.3,404.75,408.1,415.8,412.4,397.9,387.75,391.5,399.6,396.6,382.5,372.75,376.9,385.4,382.8,369.1,359.75,364.3,373.2,371,357.7,348.75,353.7,363,361.2,348.3,339.75,345.1,354.8,353.4,340.9,332.75,338.5,348.6,347.6,335.5,327.75,333.9,344.4,343.8,332.1,324.75,331.3,342.2,342,330.7,323.75,330.7,342,342.2,331.3,324.75,332.1,343.8,344.4,333.9,327.75,335.5,347.6,348.6,338.5,332.75,340.9,353.4,354.8,345.1,339.75,348.3,361.2,363,353.7,348.75,357.7,371,373.2,364.3,359.75,369.1,382.8,385.4,376.9,372.75,382.5,396.6,399.6,391.5,387.75,397.9,412.4,415.8,408.1,404.75,415.3,430.2,434,426.7,423.75,434.7,450,454.2,447.3,444.75,456.1,471.8,476.4,469.9,467.75,479.5,495.6,500.6,494.5,492.75,504.9,521.4,526.8,521.1,519.75,532.3,549.2,555,549.7,548.75,561.7,579,585.2,580.3,579.75,593.1,610.8,617.4,612.9,612.75,626.5,644.6,651.6,647.5,647.75,661.9,680.4,687.8,684.1,684.75,699.3,718.2,726,722.7,723.75,
-88,727.85,726.8,730.1,722.3,703.4,688.85,688.2,691.9,684.5,666,651.85,651.6,655.7,648.7,630.6,616.85,617,621.5,614.9,597.2,583.85,584.4,589.3,583.1,565.8,552.85,553.8,559.1,553.3,536.4,523.85,525.2,530.9,525.5,509,496.85,498.6,504.7,499.7,483.6,471.85,474,480.5,475.9,460.2,448.85,451.4,458.3,454.1,438.8,427.85,430.8,438.1,434.3,419.4,408.85,412.2,419.9,416.5,402,391.85,395.6,403.7,400.7,386.6,376.85,381,389.5,386.9,373.2,363.85,368.4,377.3,375.1,361.8,352.85,357.8,367.1,365.3,352.4,343.85,349.2,358.9,357.5,345,336.85,342.6,352.7,351.7,339.6,331.85,338,348.5,347.9,336.2,328.85,335.4,346.3,346.1,334.8,327.85,334.8,346.1,346.3,335.4,328.85,336.2,347.9,348.5,338,331.85,339.6,351.7,352.7,342.6,336.85,345,357.5,358.9,349.2,343.85,352.4,365.3,367.1,357.8,352.85,361.8,375.1,377.3,368.4,363.85,373.2,386.9,389.5,381,376.85,386.6,400.7,403.7,395.6,391.85,402,416.5,419.9,412.2,408.85,419.4,434.3,438.1,430.8,427.85,438.8,454.1,458.3,451.4,448.85,460.2,475.9,480.5,474,471.85,483.6,499.7,504.7,498.6,496.85,509,525.5,530.9,525.2,523.85,536.4,553.3,559.1,553.8,552.85,565.8,583.1,589.3,584.4,583.85,597.2,614.9,621.5,617,616.85,630.6,648.7,655.7,651.6,651.85,666,684.5,691.9,688.2,688.85,703.4,722.3,730.1,726.8,727.85,
-87,720.85,719.8,723.1,715.3,696.4,681.85,681.2,684.9,677.5,659,644.85,644.6,648.7,641.7,623.6,609.85,610,614.5,607.9,590.2,576.85,577.4,582.3,576.1,558.8,545.85,546.8,552.1,546.3,529.4,516.85,518.2,523.9,518.5,502,489.85,491.6,497.7,492.7,476.6,464.85,467,473.5,468.9,453.2,441.85,444.4,451.3,447.1,431.8,420.85,423.8,431.1,427.3,412.4,401.85,405.2,412.9,409.5,395,384.85,388.6,396.7,393.7,379.6,369.85,374,382.5,379.9,366.2,356.85,361.4,370.3,368.1,354.8,345.85,350.8,360.1,358.3,345.4,336.85,342.2,351.9,350.5,338,329.85,335.6,345.7,344.7,332.6,324.85,331,341.5,340.9,329.2,321.85,328.4,339.3,339.1,327.8,320.85,327.8,339.1,339.3,328.4,321.85,329.2,340.9,341.5,331,324.85,332.6,344.7,345.7,335.6,329.85,338,350.5,351.9,342.2,336.85,345.4,358.3,360.1,350.8,345.85,354.8,368.1,370.3,361.4,356.85,366.2,379.9,382.5,374,369.85,379.6,393.7,396.7,388.6,384.85,395,409.5,412.9,405.2,401.85,412.4,427.3,431.1,423.8,420.85,431.8,447.1,451.3,444.4,441.85,453.2,468.9,473.5,467,464.85,476.6,492.7,497.7,491.6,489.85,502,518.5,523.9,518.2,516.85,529.4,546.3,552.1,546.8,545.85,558.8,576.1,582.3,577.4,576.85,590.2,607.9,614.5,610,609.85,623.6,641.7,648.7,644.6,644.85,659,677.5,684.9,681.2,681.85,696.4,715.3,723.1,719.8,720.85,
-86,702.75,701.7,705,697.2,678.3,663.75,663.1,666.8,659.4,640.9,626.75,626.5,630.6,623.6,605.5,591.75,591.9,596.4,589.8,572.1,558.75,559.3,564.2,558,540.7,527.75,528.7,534,528.2,511.3,498.75,500.1,505.8,500.4,483.9,471.75,473.5,479.6,474.6,458.5,446.75,448.9,455.4,450.8,435.1,423.75,426.3,433.2,429,413.7,402.75,405.7,413,409.2,394.3,383.75,387.1,394.8,391.4,376.9,366.75,370.5,378.6,375.6,361.5,351.75,355.9,364.4,361.8,348.1,338.75,343.3,352.2,350,336.7,327.75,332.7,342,340.2,327.3,318.75,324.1,333.8,332.4,319.9,311.75,317.5,327.6,326.6,314.5,306.75,312.9,323.4,322.8,311.1,303.75,310.3,321.2,321,309.7,302.75,309.7,321,321.2,310.3,303.75,311.1,322.8,323.4,312.9,306.75,314.5,326.6,327.6,317.5,311.75,319.9,332.4,333.8,324.1,318.75,327.3,340.2,342,332.7,327.75,336.7,350,352.2,343.3,338.75,348.1,361.8,364.4,355.9,351.75,361.5,375.6,378.6,370.5,366.75,376.9,391.4,394.8,387.1,383.75,394.3,409.2,413,405.7,402.75,413.7,429,433.2,426.3,423.75,435.1,450.8,455.4,448.9,446.75,458.5,474.6,479.6,473.5,471.75,483.9,500.4,505.8,500.1,498.75,511.3,528.2,534,528.7,527.75,540.7,558,564.2,559.3,558.75,572.1,589.8,596.4,591.9,591.75,605.5,623.6,630.6,626.5,626.75,640.9,659.4,666.8,663.1,663.75,678.3,697.2,705,701.7,702.75,
-85,689,687.95,691.25,683.45,664.55,650,649.35,653.05,645.65,627.15,613,612.75,616.85,609.85,591.75,578,578.15,582.65,576.05,558.35,545,545.55,550.45,544.25,526.95,514,514.95,520.25,514.45,497.55,485,486.35,492.05,486.65,470.15,458,459.75,465.85,460.85,444.75,433,435.15,441.65,437.05,421.35,410,412.55,419.45,415.25,399.95,389,391.95,399.25,395.45,380.55,370,373.35,381.05,377.65,363.15,353,356.75,364.85,361.85,347.75,338,342.15,350.65,348.05,334.35,325,329.55,338.45,336.25,322.95,314,318.95,328.25,326.45,313.55,305,310.35,320.05,318.65,306.15,298,303.75,313.85,312.85,300.75,293,299.15,309.65,309.05,297.35,290,296.55,307.45,307.25,295.95,289,295.95,307.25,307.45,296.55,290,297.35,309.05,309.65,299.15,293,300.75,312.85,313.85,303.75,298,306.15,318.65,320.05,310.35,305,313.55,326.45,328.25,318.95,314,322.95,336.25,338.45,329.55,325,334.35,348.05,350.65,342.15,338,347.75,361.85,364.85,356.75,353,363.15,377.65,381.05,373.35,370,380.55,395.45,399.25,391.95,389,399.95,415.25,419.45,412.55,410,421.35,437.05,441.65,435.15,433,444.75,460.85,465.85,459.75,458,470.15,486.65,492.05,486.35,485,497.55,514.45,520.25,514.95,514,526.95,544.25,550.45,545.55,545,558.35,576.05,582.65,578.15,578,591.75,609.85,616.85,612.75,613,627.15,645.65,653.05,649.35,650,664.55,683.45,691.25,687.95,689,
-84,689.15,688.1,691.4,683.6,664.7,650.15,649.5,653.2,645.8,627.3,613.15,612.9,617,610,591.9,578.15,578.3,582.8,576.2,558.5,545.15,545.7,550.6,544.4,527.1,514.15,515.1,520.4,514.6,497.7,485.15,486.5,492.2,486.8,470.3,458.15,459.9,466,461,444.9,433.15,435.3,441.8,437.2,421.5,410.15,412.7,419.6,415.4,400.1,389.15,392.1,399.4,395.6,380.7,370.15,373.5,381.2,377.8,363.3,353.15,356.9,365,362,347.9,338.15,342.3,350.8,348.2,334.5,325.15,329.7,338.6,336.4,323.1,314.15,319.1,328.4,326.6,313.7,305.15,310.5,320.2,318.8,306.3,298.15,303.9,314,313,300.9,293.15,299.3,309.8,309.2,297.5,290.15,296.7,307.6,307.4,296.1,289.15,296.1,307.4,307.6,296.7,290.15,297.5,309.2,309.8,299.3,293.15,300.9,313,314,303.9,298.15,306.3,318.8,320.2,310.5,305.15,313.7,326.6,328.4,319.1,314.15,323.1,336.4,338.6,329.7,325.15,334.5,348.2,350.8,342.3,338.15,347.9,362,365,356.9,353.15,363.3,377.8,381.2,373.5,370.15,380.7,395.6,399.4,392.1,389.15,400.1,415.4,419.6,412.7,410.15,421.5,437.2,441.8,435.3,433.15,444.9,461,466,459.9,458.15,470.3,486.8,492.2,486.5,485.15,497.7,514.6,520.4,515.1,514.15,527.1,544.4,550.6,545.7,545.15,558.5,576.2,582.8,578.3,578.15,591.9,610,617,612.9,613.15,627.3,645.8,653.2,649.5,650.15,664.7,683.6,691.4,688.1,689.15,
-83,693.65,692.6,695.9,688.1,669.2,654.65,654,657.7,650.3,631.8,617.65,617.4,621.5,614.5,596.4,582.65,582.8,587.3,580.7,563,549.65,550.2,555.1,548.9,531.6,518.65,519.6,524.9,519.1,502.2,489.65,491,496.7,491.3,474.8,462.65,464.4,470.5,465.5,449.4,437.65,439.8,446.3,441.7,426,414.65,417.2,424.1,419.9,404.6,393.65,396.6,403.9,400.1,385.2,374.65,378,385.7,382.3,367.8,357.65,361.4,369.5,366.5,352.4,342.65,346.8,355.3,352.7,339,329.65,334.2,343.1,340.9,327.6,318.65,323.6,332.9,331.1,318.2,309.65,315,324.7,323.3,310.8,302.65,308.4,318.5,317.5,305.4,297.65,303.8,314.3,313.7,302,294.65,301.2,312.1,311.9,300.6,293.65,300.6,311.9,312.1,301.2,294.65,302,313.7,314.3,303.8,297.65,305.4,317.5,318.5,308.4,302.65,310.8,323.3,324.7,315,309.65,318.2,331.1,332.9,323.6,318.65,327.6,340.9,343.1,334.2,329.65,339,352.7,355.3,346.8,342.65,352.4,366.5,369.5,361.4,357.65,367.8,382.3,385.7,378,374.65,385.2,400.1,403.9,396.6,393.65,404.6,419.9,424.1,417.2,414.65,426,441.7,446.3,439.8,437.65,449.4,465.5,470.5,464.4,462.65,474.8,491.3,496.7,491,489.65,502.2,519.1,524.9,519.6,518.65,531.6,548.9,555.1,550.2,549.65,563,580.7,587.3,582.8,582.65,596.4,614.5,621.5,617.4,617.65,631.8,650.3,657.7,654,654.65,669.2,688.1,695.9,692.6,693.65,
-82,687.05,686,689.3,681.5,662.6,648.05,647.4,651.1,643.7,625.2,611.05,610.8,614.9,607.9,589.8,576.05,576.2,580.7,574.1,556.4,543.05,543.6,548.5,542.3,525,512.05,513,518.3,512.5,495.6,483.05,484.4,490.1,484.7,468.2,456.05,457.8,463.9,458.9,442.8,431.05,433.2,439.7,435.1,419.4,408.05,410.6,417.5,413.3,398,387.05,390,397.3,393.5,378.6,368.05,371.4,379.1,375.7,361.2,351.05,354.8,362.9,359.9,345.8,336.05,340.2,348.7,346.1,332.4,323.05,327.6,336.5,334.3,321,312.05,317,326.3,324.5,311.6,303.05,308.4,318.1,316.7,304.2,296.05,301.8,311.9,310.9,298.8,291.05,297.2,307.7,307.1,295.4,288.05,294.6,305.5,305.3,294,287.05,294,305.3,305.5,294.6,288.05,295.4,307.1,307.7,297.2,291.05,298.8,310.9,311.9,301.8,296.05,304.2,316.7,318.1,308.4,303.05,311.6,324.5,326.3,317,312.05,321,334.3,336.5,327.6,323.05,332.4,346.1,348.7,340.2,336.05,345.8,359.9,362.9,354.8,351.05,361.2,375.7,379.1,371.4,368.05,378.6,393.5,397.3,390,387.05,398,413.3,417.5,410.6,408.05,419.4,435.1,439.7,433.2,431.05,442.8,458.9,463.9,457.8,456.05,468.2,484.7,490.1,484.4,483.05,495.6,512.5,518.3,513,512.05,525,542.3,548.5,543.6,543.05,556.4,574.1,580.7,576.2,576.05,589.8,607.9,614.9,610.8,611.05,625.2,643.7,651.1,647.4,648.05,662.6,681.5,689.3,686,687.05,
-81,669.35,668.3,671.6,663.8,644.9,630.35,629.7,633.4,626,607.5,593.35,593.1,597.2,590.2,572.1,558.35,558.5,563,556.4,538.7,525.35,525.9,530.8,524.6,507.3,494.35,495.3,500.6,494.8,477.9,465.35,466.7,472.4,467,450.5,438.35,440.1,446.2,441.2,425.1,413.35,415.5,422,417.4,401.7,390.35,392.9,399.8,395.6,380.3,369.35,372.3,379.6,375.8,360.9,350.35,353.7,361.4,358,343.5,333.35,337.1,345.2,342.2,328.1,318.35,322.5,331,328.4,314.7,305.35,309.9,318.8,316.6,303.3,294.35,299.3,308.6,306.8,293.9,285.35,290.7,300.4,299,286.5,278.35,284.1,294.2,293.2,281.1,273.35,279.5,290,289.4,277.7,270.35,276.9,287.8,287.6,276.3,269.35,276.3,287.6,287.8,276.9,270.35,277.7,289.4,290,279.5,273.35,281.1,293.2,294.2,284.1,278.35,286.5,299,300.4,290.7,285.35,293.9,306.8,308.6,299.3,294.35,303.3,316.6,318.8,309.9,305.35,314.7,328.4,331,322.5,318.35,328.1,342.2,345.2,337.1,333.35,343.5,358,361.4,353.7,350.35,360.9,375.8,379.6,372.3,369.35,380.3,395.6,399.8,392.9,390.35,401.7,417.4,422,415.5,413.35,425.1,441.2,446.2,440.1,438.35,450.5,467,472.4,466.7,465.35,477.9,494.8,500.6,495.3,494.35,507.3,524.6,530.8,525.9,525.35,538.7,556.4,563,558.5,558.35,572.1,590.2,597.2,593.1,593.35,607.5,626,633.4,629.7,630.35,644.9,663.8,671.6,668.3,669.35,
-80,656,654.95,658.25,650.45,631.55,617,616.35,620.05,612.65,594.15,580,579.75,583.85,576.85,558.75,545,545.15,549.65,543.05,525.35,512,512.55,517.45,511.25,493.95,481,481.95,487.25,481.45,464.55,452,453.35,459.05,453.65,437.15,425,426.75,432.85,427.85,411.75,400,402.15,408.65,404.05,388.35,377,379.55,386.45,382.25,366.95,356,358.95,366.25,362.45,347.55,337,340.35,348.05,344.65,330.15,320,323.75,331.85,328.85,314.75,305,309.15,317.65,315.05,301.35,292,296.55,305.45,303.25,289.95,281,285.95,295.25,293.45,280.55,272,277.35,287.05,285.65,273.15,265,270.75,280.85,279.85,267.75,260,266.15,276.65,276.05,264.35,257,263.55,274.45,274.25,262.95,256,262.95,274.25,274.45,263.55,257,264.35,276.05,276.65,266.15,260,267.75,279.85,280.85,270.75,265,273.15,285.65,287.05,277.35,272,280.55,293.45,295.25,285.95,281,289.95,303.25,305.45,296.55,292,301.35,315.05,317.65,309.15,305,314.75,328.85,331.85,323.75,320,330.15,344.65,348.05,340.35,337,347.55,362.45,366.25,358.95,356,366.95,382.25,386.45,379.55,377,388.35,404.05,408.65,402.15,400,411.75,427.85,432.85,426.75,425,437.15,453.65,459.05,453.35,452,464.55,481.45,487.25,481.95,481,493.95,511.25,517.45,512.55,512,525.35,543.05,549.65,545.15,545,558.75,576.85,583.85,579.75,580,594.15,612.65,620.05,616.35,617,631.55,650.45,658.25,654.95,656,
-79,656.55,655.5,658.8,651,632.1,617.55,616.9,620.6,613.2,594.7,580.55,580.3,584.4,577.4,559.3,545.55,545.7,550.2,543.6,525.9,512.55,513.1,518,511.8,494.5,481.55,482.5,487.8,482,465.1,452.55,453.9,459.6,454.2,437.7,425.55,427.3,433.4,428.4,412.3,400.55,402.7,409.2,404.6,388.9,377.55,380.1,387,382.8,367.5,356.55,359.5,366.8,363,348.1,337.55,340.9,348.6,345.2,330.7,320.55,324.3,332.4,329.4,315.3,305.55,309.7,318.2,315.6,301.9,292.55,297.1,306,303.8,290.5,281.55,286.5,295.8,294,281.1,272.55,277.9,287.6,286.2,273.7,265.55,271.3,281.4,280.4,268.3,260.55,266.7,277.2,276.6,264.9,257.55,264.1,275,274.8,263.5,256.55,263.5,274.8,275,264.1,257.55,264.9,276.6,277.2,266.7,260.55,268.3,280.4,281.4,271.3,265.55,273.7,286.2,287.6,277.9,272.55,281.1,294,295.8,286.5,281.55,290.5,303.8,306,297.1,292.55,301.9,315.6,318.2,309.7,305.55,315.3,329.4,332.4,324.3,320.55,330.7,345.2,348.6,340.9,337.55,348.1,363,366.8,359.5,356.55,367.5,382.8,387,380.1,377.55,388.9,404.6,409.2,402.7,400.55,412.3,428.4,433.4,427.3,425.55,437.7,454.2,459.6,453.9,452.55,465.1,482,487.8,482.5,481.55,494.5,511.8,518,513.1,512.55,525.9,543.6,550.2,545.7,545.55,559.3,577.4,584.4,580.3,580.55,594.7,613.2,620.6,616.9,617.55,632.1,651,658.8,655.5,656.55,
-78,661.45,660.4,663.7,655.9,637,622.45,621.8,625.5,618.1,599.6,585.45,585.2,589.3,582.3,564.2,550.45,550.6,555.1,548.5,530.8,517.45,518,522.9,516.7,499.4,486.45,487.4,492.7,486.9,470,457.45,458.8,464.5,459.1,442.6,430.45,432.2,438.3,433.3,417.2,405.45,407.6,414.1,409.5,393.8,382.45,385,391.9,387.7,372.4,361.45,364.4,371.7,367.9,353,342.45,345.8,353.5,350.1,335.6,325.45,329.2,337.3,334.3,320.2,310.45,314.6,323.1,320.5,306.8,297.45,302,310.9,308.7,295.4,286.45,291.4,300.7,298.9,286,277.45,282.8,292.5,291.1,278.6,270.45,276.2,286.3,285.3,273.2,265.45,271.6,282.1,281.5,269.8,262.45,269,279.9,279.7,268.4,261.45,268.4,279.7,279.9,269,262.45,269.8,281.5,282.1,271.6,265.45,273.2,285.3,286.3,276.2,270.45,278.6,291.1,292.5,282.8,277.45,286,298.9,300.7,291.4,286.45,295.4,308.7,310.9,302,297.45,306.8,320.5,323.1,314.6,310.45,320.2,334.3,337.3,329.2,325.45,335.6,350.1,353.5,345.8,342.45,353,367.9,371.7,364.4,361.45,372.4,387.7,391.9,385,382.45,393.8,409.5,414.1,407.6,405.45,417.2,433.3,438.3,432.2,430.45,442.6,459.1,464.5,458.8,457.45,470,486.9,492.7,487.4,486.45,499.4,516.7,522.9,518,517.45,530.8,548.5,555.1,550.6,550.45,564.2,582.3,589.3,585.2,585.45,599.6,618.1,625.5,621.8,622.45,637,655.9,663.7,660.4,661.45,
-77,655.25,654.2,657.5,649.7,630.8,616.25,615.6,619.3,611.9,593.4,579.25,579,583.1,576.1,558,544.25,544.4,548.9,542.3,524.6,511.25,511.8,516.7,510.5,493.2,480.25,481.2,486.5,480.7,463.8,451.25,452.6,458.3,452.9,436.4,424.25,426,432.1,427.1,411,399.25,401.4,407.9,403.3,387.6,376.25,378.8,385.7,381.5,366.2,355.25,358.2,365.5,361.7,346.8,336.25,339.6,347.3,343.9,329.4,319.25,323,331.1,328.1,314,304.25,308.4,316.9,314.3,300.6,291.25,295.8,304.7,302.5,289.2,280.25,285.2,294.5,292.7,279.8,271.25,276.6,286.3,284.9,272.4,264.25,270,280.1,279.1,267,259.25,265.4,275.9,275.3,263.6,256.25,262.8,273.7,273.5,262.2,255.25,262.2,273.5,273.7,262.8,256.25,263.6,275.3,275.9,265.4,259.25,267,279.1,280.1,270,264.25,272.4,284.9,286.3,276.6,271.25,279.8,292.7,294.5,285.2,280.25,289.2,302.5,304.7,295.8,291.25,300.6,314.3,316.9,308.4,304.25,314,328.1,331.1,323,319.25,329.4,343.9,347.3,339.6,336.25,346.8,361.7,365.5,358.2,355.25,366.2,381.5,385.7,378.8,376.25,387.6,403.3,407.9,401.4,399.25,411,427.1,432.1,426,424.25,436.4,452.9,458.3,452.6,451.25,463.8,480.7,486.5,481.2,480.25,493.2,510.5,516.7,511.8,511.25,524.6,542.3,548.9,544.4,544.25,558,576.1,583.1,579,579.25,593.4,611.9,619.3,615.6,616.25,630.8,649.7,657.5,654.2,655.25,
-76,637.95,636.9,640.2,632.4,613.5,598.95,598.3,602,594.6,576.1,561.95,561.7,565.8,558.8,540.7,526.95,527.1,531.6,525,507.3,493.95,494.5,499.4,493.2,475.9,462.95,463.9,469.2,463.4,446.5,433.95,435.3,441,435.6,419.1,406.95,408.7,414.8,409.8,393.7,381.95,384.1,390.6,386,370.3,358.95,361.5,368.4,364.2,348.9,337.95,340.9,348.2,344.4,329.5,318.95,322.3,330,326.6,312.1,301.95,305.7,313.8,310.8,296.7,286.95,291.1,299.6,297,283.3,273.95,278.5,287.4,285.2,271.9,262.95,267.9,277.2,275.4,262.5,253.95,259.3,269,267.6,255.1,246.95,252.7,262.8,261.8,249.7,241.95,248.1,258.6,258,246.3,238.95,245.5,256.4,256.2,244.9,237.95,244.9,256.2,256.4,245.5,238.95,246.3,258,258.6,248.1,241.95,249.7,261.8,262.8,252.7,246.95,255.1,267.6,269,259.3,253.95,262.5,275.4,277.2,267.9,262.95,271.9,285.2,287.4,278.5,273.95,283.3,297,299.6,291.1,286.95,296.7,310.8,313.8,305.7,301.95,312.1,326.6,330,322.3,318.95,329.5,344.4,348.2,340.9,337.95,348.9,364.2,368.4,361.5,358.95,370.3,386,390.6,384.1,381.95,393.7,409.8,414.8,408.7,406.95,419.1,435.6,441,435.3,433.95,446.5,463.4,469.2,463.9,462.95,475.9,493.2,499.4,494.5,493.95,507.3,525,531.6,527.1,526.95,540.7,558.8,565.8,561.7,561.95,576.1,594.6,602,598.3,598.95,613.5,632.4,640.2,636.9,637.95,
-75,625,623.95,627.25,619.45,600.55,586,585.35,589.05,581.65,563.15,549,548.75,552.85,545.85,527.75,514,514.15,518.65,512.05,494.35,481,481.55,486.45,480.25,462.95,450,450.95,456.25,450.45,433.55,421,422.35,428.05,422.65,406.15,394,395.75,401.85,396.85,380.75,369,371.15,377.65,373.05,357.35,346,348.55,355.45,351.25,335.95,325,327.95,335.25,331.45,316.55,306,309.35,317.05,313.65,299.15,289,292.75,300.85,297.85,283.75,274,278.15,286.65,284.05,270.35,261,265.55,274.45,272.25,258.95,250,254.95,264.25,262.45,249.55,241,246.35,256.05,254.65,242.15,234,239.75,249.85,248.85,236.75,229,235.15,245.65,245.05,233.35,226,232.55,243.45,243.25,231.95,225,231.95,243.25,243.45,232.55,226,233.35,245.05,245.65,235.15,229,236.75,248.85,249.85,239.75,234,242.15,254.65,256.05,246.35,241,249.55,262.45,264.25,254.95,250,258.95,272.25,274.45,265.55,261,270.35,284.05,286.65,278.15,274,283.75,297.85,300.85,292.75,289,299.15,313.65,317.05,309.35,306,316.55,331.45,335.25,327.95,325,335.95,351.25,355.45,348.55,346,357.35,373.05,377.65,371.15,369,380.75,396.85,401.85,395.75,394,406.15,422.65,428.05,422.35,421,433.55,450.45,456.25,450.95,450,462.95,480.25,486.45,481.55,481,494.35,512.05,518.65,514.15,514,527.75,545.85,552.85,548.75,549,563.15,581.65,589.05,585.35,586,600.55,619.45,627.25,623.95,625,
-74,625.95,624.9,628.2,620.4,601.5,586.95,586.3,590,582.6,564.1,549.95,549.7,553.8,546.8,528.7,514.95,515.1,519.6,513,495.3,481.95,482.5,487.4,481.2,463.9,450.95,451.9,457.2,451.4,434.5,421.95,423.3,429,423.6,407.1,394.95,396.7,402.8,397.8,381.7,369.95,372.1,378.6,374,358.3,346.95,349.5,356.4,352.2,336.9,325.95,328.9,336.2,332.4,317.5,306.95,310.3,318,314.6,300.1,289.95,293.7,301.8,298.8,284.7,274.95,279.1,287.6,285,271.3,261.95,266.5,275.4,273.2,259.9,250.95,255.9,265.2,263.4,250.5,241.95,247.3,257,255.6,243.1,234.95,240.7,250.8,249.8,237.7,229.95,236.1,246.6,246,234.3,226.95,233.5,244.4,244.2,232.9,225.95,232.9,244.2,244.4,233.5,226.95,234.3,246,246.6,236.1,229.95,237.7,249.8,250.8,240.7,234.95,243.1,255.6,257,247.3,241.95,250.5,263.4,265.2,255.9,250.95,259.9,273.2,275.4,266.5,261.95,271.3,285,287.6,279.1,274.95,284.7,298.8,301.8,293.7,289.95,300.1,314.6,318,310.3,306.95,317.5,332.4,336.2,328.9,325.95,336.9,352.2,356.4,349.5,346.95,358.3,374,378.6,372.1,369.95,381.7,397.8,402.8,396.7,394.95,407.1,423.6,429,423.3,421.95,434.5,451.4,457.2,451.9,450.95,463.9,481.2,487.4,482.5,481.95,495.3,513,519.6,515.1,514.95,528.7,546.8,553.8,549.7,549.95,564.1,582.6,590,586.3,586.95,601.5,620.4,628.2,624.9,625.95,
-73,631.25,630.2,633.5,625.7,606.8,592.25,591.6,595.3,587.9,569.4,555.25,555,559.1,552.1,534,520.25,520.4,524.9,518.3,500.6,487.25,487.8,492.7,486.5,469.2,456.25,457.2,462.5,456.7,439.8,427.25,428.6,434.3,428.9,412.4,400.25,402,408.1,403.1,387,375.25,377.4,383.9,379.3,363.6,352.25,354.8,361.7,357.5,342.2,331.25,334.2,341.5,337.7,322.8,312.25,315.6,323.3,319.9,305.4,295.25,299,307.1,304.1,290,280.25,284.4,292.9,290.3,276.6,267.25,271.8,280.7,278.5,265.2,256.25,261.2,270.5,268.7,255.8,247.25,252.6,262.3,260.9,248.4,240.25,246,256.1,255.1,243,235.25,241.4,251.9,251.3,239.6,232.25,238.8,249.7,249.5,238.2,231.25,238.2,249.5,249.7,238.8,232.25,239.6,251.3,251.9,241.4,235.25,243,255.1,256.1,246,240.25,248.4,260.9,262.3,252.6,247.25,255.8,268.7,270.5,261.2,256.25,265.2,278.5,280.7,271.8,267.25,276.6,290.3,292.9,284.4,280.25,290,304.1,307.1,299,295.25,305.4,319.9,323.3,315.6,312.25,322.8,337.7,341.5,334.2,331.25,342.2,357.5,361.7,354.8,352.25,363.6,379.3,383.9,377.4,375.25,387,403.1,408.1,402,400.25,412.4,428.9,434.3,428.6,427.25,439.8,456.7,462.5,457.2,456.25,469.2,486.5,492.7,487.8,487.25,500.6,518.3,524.9,520.4,520.25,534,552.1,559.1,555,555.25,569.4,587.9,595.3,591.6,592.25,606.8,625.7,633.5,630.2,631.25,
-72,625.45,624.4,627.7,619.9,601,586.45,585.8,589.5,582.1,563.6,549.45,549.2,553.3,546.3,528.2,514.45,514.6,519.1,512.5,494.8,481.45,482,486.9,480.7,463.4,450.45,451.4,456.7,450.9,434,421.45,422.8,428.5,423.1,406.6,394.45,396.2,402.3,397.3,381.2,369.45,371.6,378.1,373.5,357.8,346.45,349,355.9,351.7,336.4,325.45,328.4,335.7,331.9,317,306.45,309.8,317.5,314.1,299.6,289.45,293.2,301.3,298.3,284.2,274.45,278.6,287.1,284.5,270.8,261.45,266,274.9,272.7,259.4,250.45,255.4,264.7,262.9,250,241.45,246.8,256.5,255.1,242.6,234.45,240.2,250.3,249.3,237.2,229.45,235.6,246.1,245.5,233.8,226.45,233,243.9,243.7,232.4,225.45,232.4,243.7,243.9,233,226.45,233.8,245.5,246.1,235.6,229.45,237.2,249.3,250.3,240.2,234.45,242.6,255.1,256.5,246.8,241.45,250,262.9,264.7,255.4,250.45,259.4,272.7,274.9,266,261.45,270.8,284.5,287.1,278.6,274.45,284.2,298.3,301.3,293.2,289.45,299.6,314.1,317.5,309.8,306.45,317,331.9,335.7,328.4,325.45,336.4,351.7,355.9,349,346.45,357.8,373.5,378.1,371.6,369.45,381.2,397.3,402.3,396.2,394.45,406.6,423.1,428.5,422.8,421.45,434,450.9,456.7,451.4,450.45,463.4,480.7,486.9,482,481.45,494.8,512.5,519.1,514.6,514.45,528.2,546.3,553.3,549.2,549.45,563.6,582.1,589.5,585.8,586.45,601,619.9,627.7,624.4,625.45,
-71,608.55,607.5,610.8,603,584.1,569.55,568.9,572.6,565.2,546.7,532.55,532.3,536.4,529.4,511.3,497.55,497.7,502.2,495.6,477.9,464.55,465.1,470,463.8,446.5,433.55,434.5,439.8,434,417.1,404.55,405.9,411.6,406.2,389.7,377.55,379.3,385.4,380.4,364.3,352.55,354.7,361.2,356.6,340.9,329.55,332.1,339,334.8,319.5,308.55,311.5,318.8,315,300.1,289.55,292.9,300.6,297.2,282.7,272.55,276.3,284.4,281.4,267.3,257.55,261.7,270.2,267.6,253.9,244.55,249.1,258,255.8,242.5,233.55,238.5,247.8,246,233.1,224.55,229.9,239.6,238.2,225.7,217.55,223.3,233.4,232.4,220.3,212.55,218.7,229.2,228.6,216.9,209.55,216.1,227,226.8,215.5,208.55,215.5,226.8,227,216.1,209.55,216.9,228.6,229.2,218.7,212.55,220.3,232.4,233.4,223.3,217.55,225.7,238.2,239.6,229.9,224.55,233.1,246,247.8,238.5,233.55,242.5,255.8,258,249.1,244.55,253.9,267.6,270.2,261.7,257.55,267.3,281.4,284.4,276.3,272.55,282.7,297.2,300.6,292.9,289.55,300.1,315,318.8,311.5,308.55,319.5,334.8,339,332.1,329.55,340.9,356.6,361.2,354.7,352.55,364.3,380.4,385.4,379.3,377.55,389.7,406.2,411.6,405.9,404.55,417.1,434,439.8,434.5,433.55,446.5,463.8,470,465.1,464.55,477.9,495.6,502.2,497.7,497.55,511.3,529.4,536.4,532.3,532.55,546.7,565.2,572.6,568.9,569.55,584.1,603,610.8,607.5,608.55,
-70,596,594.95,598.25,590.45,571.55,557,556.35,560.05,552.65,534.15,520,519.75,523.85,516.85,498.75,485,485.15,489.65,483.05,465.35,452,452.55,457.45,451.25,433.95,421,421.95,427.25,421.45,404.55,392,393.35,399.05,393.65,377.15,365,366.75,372.85,367.85,351.75,340,342.15,348.65,344.05,328.35,317,319.55,326.45,322.25,306.95,296,298.95,306.25,302.45,287.55,277,280.35,288.05,284.65,270.15,260,263.75,271.85,268.85,254.75,245,249.15,257.65,255.05,241.35,232,236.55,245.45,243.25,229.95,221,225.95,235.25,233.45,220.55,212,217.35,227.05,225.65,213.15,205,210.75,220.85,219.85,207.75,200,206.15,216.65,216.05,204.35,197,203.55,214.45,214.25,202.95,196,202.95,214.25,214.45,203.55,197,204.35,216.05,216.65,206.15,200,207.75,219.85,220.85,210.75,205,213.15,225.65,227.05,217.35,212,220.55,233.45,235.25,225.95,221,229.95,243.25,245.45,236.55,232,241.35,255.05,257.65,249.15,245,254.75,268.85,271.85,263.75,260,270.15,284.65,288.05,280.35,277,287.55,302.45,306.25,298.95,296,306.95,322.25,326.45,319.55,317,328.35,344.05,348.65,342.15,340,351.75,367.85,372.85,366.75,365,377.15,393.65,399.05,393.35,392,404.55,421.45,427.25,421.95,421,433.95,451.25,457.45,452.55,452,465.35,483.05,489.65,485.15,485,498.75,516.85,523.85,519.75,520,534.15,552.65,560.05,556.35,557,571.55,590.45,598.25,594.95,596,
